17 0.159375 0.445139 0.314583 0.887500
17 0.094271 0.915278 0.184375 0.044444
17 0.412500 0.395139 0.187500 0.781944
17 0.845833 0.420833 0.308333 0.827778
17 0.625521 0.134722 0.128125 0.266667
17 0.637500 0.315972 0.110417 0.093056
17 0.651563 0.410417 0.080208 0.090278
17 0.666146 0.501389 0.053125 0.080556
17 0.676042 0.579167 0.037500 0.072222
17 0.679688 0.655556 0.028125 0.063889
17 0.527083 0.551389 0.062500 0.480556
17 0.575521 0.613194 0.028125 0.384722
17 0.610417 0.655556 0.035417 0.255556
17 0.509896 0.204861 0.026042 0.226389
17 0.436979 0.804167 0.073958 0.025000
17 0.839583 0.848611 0.222917 0.038889
16 0.651563 0.836806 0.080208 0.090278
16 0.650521 0.669444 0.046875 0.247222
16 0.676562 0.770833 0.009375 0.036111
16 0.641667 0.575000 0.029167 0.069444
16 0.618229 0.497917 0.032292 0.076389
16 0.594792 0.419444 0.037500 0.086111
16 0.571875 0.340972 0.022917 0.079167
16 0.556250 0.265278 0.033333 0.108333
16 0.536458 0.135417 0.029167 0.154167
16 0.529167 0.041667 0.039583 0.050000
16 0.255729 0.908333 0.142708 0.047222
16 0.748958 0.881944 0.031250 0.013889
16 0.906771 0.881250 0.059375 0.023611
