16 0.327778 0.269231 0.204762 0.176471
16 0.334127 0.475113 0.100000 0.212670
16 0.473016 0.630090 0.101587 0.101810
16 0.490476 0.337104 0.088889 0.276018
16 0.748413 0.105204 0.217460 0.178733
16 0.782540 0.312217 0.174603 0.212670
16 0.792063 0.497738 0.139683 0.171946
16 0.735714 0.611991 0.046032 0.038462
16 0.648413 0.815611 0.049206 0.056561
16 0.673016 0.746606 0.028571 0.081448
16 0.646825 0.454751 0.214286 0.506787
16 0.396825 0.633484 0.057143 0.085973
16 0.422222 0.473982 0.060317 0.210407
16 0.499206 0.533937 0.087302 0.099548
16 0.351587 0.065611 0.068254 0.126697
16 0.362698 0.160633 0.119048 0.045249
16 0.214286 0.096154 0.053968 0.165158
16 0.540476 0.101810 0.077778 0.199095
16 0.614286 0.106335 0.057143 0.203620
17 0.423810 0.453620 0.050794 0.115385
17 0.450794 0.074661 0.098413 0.126697
17 0.792063 0.243213 0.044444 0.251131
17 0.827778 0.330317 0.020635 0.076923
17 0.281746 0.070136 0.065079 0.122172
17 0.824603 0.485294 0.014286 0.033937
17 0.822222 0.570136 0.028571 0.045249
17 0.165079 0.123303 0.044444 0.205882
17 0.246032 0.402715 0.050794 0.104072
17 0.272222 0.157240 0.039683 0.033937
