17 0.415625 0.451977 0.046250 0.143126
17 0.559375 0.506591 0.231250 0.060264
17 0.707500 0.524482 0.035000 0.032015
17 0.318125 0.142185 0.623750 0.280603
17 0.042500 0.359699 0.070000 0.139360
17 0.046875 0.452919 0.036250 0.035782
17 0.036250 0.504708 0.020000 0.045198
17 0.377500 0.299435 0.200000 0.026365
17 0.511875 0.296610 0.056250 0.020716
17 0.585000 0.291902 0.075000 0.011299
17 0.393125 0.325800 0.153750 0.026365
17 0.423750 0.351224 0.050000 0.024482
17 0.586875 0.446328 0.021250 0.067797
17 0.506250 0.465160 0.012500 0.033898
17 0.707500 0.487759 0.025000 0.037665
17 0.981875 0.733522 0.033750 0.145009
17 0.948750 0.774953 0.027500 0.088512
17 0.915625 0.808851 0.043750 0.028249
17 0.047500 0.664783 0.007500 0.225989
17 0.331250 0.389831 0.067500 0.052731
17 0.674375 0.079096 0.088750 0.139360
17 0.690000 0.184557 0.045000 0.048964
17 0.706875 0.227872 0.036250 0.022599
17 0.714375 0.269303 0.021250 0.037665
16 0.576250 0.655367 0.122500 0.150659
16 0.683750 0.642185 0.057500 0.120527
16 0.772500 0.641243 0.057500 0.122411
16 0.829375 0.640301 0.023750 0.131827
16 0.848125 0.736347 0.043750 0.011299
16 0.779375 0.760829 0.018750 0.018832
16 0.833125 0.784369 0.021250 0.024482
16 0.482500 0.619586 0.042500 0.045198
16 0.451250 0.662900 0.002500 0.131827
16 0.435625 0.633710 0.018750 0.092279
16 0.141250 0.306968 0.020000 0.041431
16 0.111250 0.370998 0.022500 0.052731
16 0.088125 0.428437 0.018750 0.050847
16 0.533125 0.328625 0.108750 0.028249
16 0.608125 0.315443 0.038750 0.028249
16 0.714375 0.304143 0.066250 0.016949
16 0.765625 0.348399 0.023750 0.075330
16 0.793750 0.401130 0.027500 0.048964
16 0.873750 0.416196 0.065000 0.022599
16 0.943125 0.459510 0.008750 0.030132
16 0.347500 0.437853 0.017500 0.032015
