16 0.105163 0.712662 0.202677 0.269481
16 0.287763 0.714286 0.135755 0.402597
16 0.421606 0.857143 0.112811 0.116883
16 0.479924 0.738636 0.110899 0.133117
16 0.416826 0.774351 0.015296 0.074675
16 0.600382 0.733766 0.118547 0.129870
16 0.633843 0.608766 0.059273 0.126623
16 0.727533 0.655844 0.105163 0.324675
16 0.798279 0.534091 0.036329 0.139610
16 0.904398 0.595779 0.042065 0.275974
16 0.868069 0.660714 0.038241 0.172078
16 0.936902 0.725649 0.030593 0.204545
16 0.986616 0.813312 0.026769 0.061688
16 0.530593 0.826299 0.089866 0.029221
16 0.094646 0.514610 0.043977 0.094156
16 0.269598 0.470779 0.038241 0.097403
16 0.170172 0.298701 0.103250 0.045455
16 0.147228 0.352273 0.038241 0.055195
16 0.554493 0.543831 0.076482 0.087662
16 0.498088 0.626623 0.040153 0.071429
16 0.456979 0.654221 0.038241 0.061688
16 0.363289 0.719156 0.011472 0.081169
16 0.904398 0.378247 0.030593 0.133117
16 0.864245 0.311688 0.042065 0.064935
16 0.809751 0.259740 0.036329 0.090909
17 0.034417 0.485390 0.065010 0.152597
17 0.129063 0.430195 0.097514 0.068182
17 0.172084 0.519481 0.087954 0.110390
17 0.216061 0.412338 0.068834 0.136364
17 0.282027 0.417208 0.043977 0.113636
17 0.327916 0.475649 0.063098 0.081169
17 0.391969 0.659091 0.076482 0.266234
17 0.457935 0.571429 0.040153 0.097403
17 0.568834 0.613636 0.059273 0.064935
17 0.628107 0.503247 0.047801 0.071429
17 0.728489 0.457792 0.103250 0.097403
17 0.850860 0.498377 0.053537 0.126623
17 0.872849 0.375000 0.147228 0.172078
17 0.826960 0.254870 0.059273 0.100649
17 0.847992 0.149351 0.105163 0.110390
16 0.082218 0.871753 0.038241 0.042208
16 0.565010 0.897727 0.024857 0.022727
16 0.926386 0.842532 0.024857 0.022727
17 0.948375 0.584416 0.030593 0.071429
17 0.985660 0.701299 0.028681 0.129870
17 0.940727 0.262987 0.053537 0.058442
17 0.951243 0.413961 0.040153 0.074675
17 0.956023 0.589286 0.034417 0.055195
17 0.191205 0.618506 0.026769 0.029221
17 0.105163 0.423701 0.045889 0.048701
17 0.061185 0.370130 0.118547 0.051948
17 0.059273 0.311688 0.110899 0.071429
