17 0.770000 0.027205 0.320000 0.046904
17 0.805000 0.101313 0.175000 0.060038
17 0.765625 0.183865 0.093750 0.090056
17 0.763125 0.313321 0.041250 0.131332
17 0.770000 0.431520 0.022500 0.067542
17 0.766250 0.676360 0.025000 0.369606
17 0.728125 0.787992 0.051250 0.161351
17 0.676875 0.807692 0.026250 0.125704
17 0.946250 0.965291 0.092500 0.069418
17 0.698750 0.904315 0.165000 0.063790
17 0.491250 0.895872 0.215000 0.039400
17 0.022500 0.809568 0.017500 0.118199
17 0.072500 0.808630 0.022500 0.105066
17 0.121250 0.800188 0.020000 0.065666
17 0.191875 0.805816 0.023750 0.058161
17 0.633750 0.123827 0.067500 0.116323
17 0.643125 0.271107 0.026250 0.110694
17 0.532500 0.165103 0.010000 0.030019
17 0.594375 0.058161 0.011250 0.037523
17 0.965625 0.884615 0.051250 0.046904
17 0.766250 0.717636 0.017500 0.305816
17 0.637500 0.688555 0.010000 0.041276
17 0.553125 0.705441 0.008750 0.052533
17 0.596875 0.641651 0.006250 0.045028
17 0.467500 0.715760 0.012500 0.043152
17 0.353750 0.583490 0.020000 0.041276
17 0.224375 0.730769 0.006250 0.024390
17 0.297500 0.822702 0.022500 0.024390
17 0.294375 0.746717 0.008750 0.063790
17 0.279375 0.757974 0.006250 0.045028
17 0.327500 0.770169 0.007500 0.046904
17 0.341250 0.689493 0.022500 0.020638
17 0.372500 0.643527 0.012500 0.026266
17 0.407500 0.642589 0.010000 0.065666
17 0.428750 0.646341 0.010000 0.050657
17 0.465625 0.667917 0.018750 0.041276
17 0.476875 0.606942 0.013750 0.013133
17 0.557500 0.617261 0.010000 0.116323
17 0.636250 0.615385 0.017500 0.116323
16 0.060625 0.573171 0.006250 0.320826
16 0.095000 0.571295 0.007500 0.272045
16 0.160625 0.645403 0.008750 0.112570
16 0.157500 0.830206 0.025000 0.058161
16 0.058750 0.819887 0.010000 0.075047
16 0.270625 0.783302 0.008750 0.114447
16 0.368125 0.824578 0.021250 0.054409
16 0.464375 0.778612 0.013750 0.071295
16 0.408750 0.806754 0.015000 0.090056
16 0.412500 0.816135 0.007500 0.052533
16 0.548125 0.769231 0.008750 0.041276
16 0.518750 0.780488 0.015000 0.026266
16 0.305000 0.557223 0.020000 0.018762
16 0.320625 0.468105 0.053750 0.013133
16 0.262500 0.522514 0.007500 0.016886
16 0.539375 0.384615 0.013750 0.022514
16 0.568750 0.302064 0.005000 0.011257
16 0.266875 0.689493 0.016250 0.035647
16 0.219375 0.823640 0.008750 0.037523
16 0.244375 0.819887 0.001250 0.045028
16 0.196250 0.604128 0.012500 0.018762
16 0.228750 0.602251 0.022500 0.015009
16 0.447500 0.797373 0.010000 0.075047
16 0.528750 0.636961 0.007500 0.219512
16 0.653750 0.728893 0.007500 0.125704
16 0.658750 0.356473 0.017500 0.033771
16 0.674375 0.326454 0.018750 0.022514
16 0.701875 0.308630 0.011250 0.024390
16 0.535000 0.238274 0.015000 0.037523
16 0.533125 0.279550 0.008750 0.030019
16 0.503125 0.216698 0.016250 0.013133
16 0.520000 0.308630 0.022500 0.020638
16 0.434375 0.335835 0.016250 0.037523
16 0.493750 0.289869 0.015000 0.020638
16 0.530000 0.651970 0.005000 0.178236
