17 0.595876 0.168498 0.391753 0.315018
19 0.459794 0.401099 0.123711 0.120879
19 0.845361 0.111722 0.065979 0.201465
19 0.921649 0.131868 0.049485 0.183150
19 0.596907 0.355311 0.051546 0.043956
19 0.195876 0.410256 0.173196 0.080586
19 0.121649 0.505495 0.086598 0.036630
19 0.073196 0.239927 0.035052 0.084249
19 0.068041 0.038462 0.032990 0.062271
19 0.749485 0.373626 0.092784 0.087912
19 0.851546 0.322344 0.061856 0.168498
19 0.917526 0.272894 0.020619 0.084249
19 0.164948 0.190476 0.041237 0.109890
19 0.238144 0.261905 0.035052 0.216117
19 0.183505 0.346154 0.061856 0.032967
19 0.328866 0.152015 0.026804 0.289377
19 0.102062 0.120879 0.026804 0.051282
19 0.345361 0.368132 0.051546 0.084249
19 0.362887 0.457875 0.028866 0.080586
16 0.214433 0.476190 0.206186 0.095238
16 0.163918 0.571429 0.072165 0.080586
16 0.142268 0.833333 0.078351 0.084249
16 0.212371 0.782051 0.057732 0.098901
16 0.276289 0.712454 0.065979 0.062271
16 0.360825 0.560440 0.045361 0.058608
16 0.421649 0.514652 0.030928 0.047619
16 0.548454 0.424908 0.028866 0.102564
16 0.479381 0.485348 0.084536 0.040293
16 0.663918 0.382784 0.057732 0.076923
16 0.607216 0.428571 0.063918 0.036630
