16 0.487500 0.675000 0.556250 0.261111
16 0.889062 0.743056 0.221875 0.513889
16 0.021875 0.727778 0.028125 0.144444
16 0.182812 0.481944 0.056250 0.158333
16 0.140625 0.926389 0.096875 0.147222
16 0.260937 0.938889 0.075000 0.122222
16 0.416406 0.976389 0.079687 0.047222
16 0.582812 0.861111 0.387500 0.094444
16 0.700781 0.958333 0.157812 0.083333
16 0.064062 0.655556 0.031250 0.094444
16 0.184375 0.683333 0.046875 0.238889
17 0.138281 0.250000 0.107813 0.144444
17 0.359375 0.259722 0.096875 0.497222
17 0.450781 0.373611 0.042188 0.180556
17 0.491406 0.397222 0.026562 0.066667
17 0.896094 0.205556 0.051562 0.100000
17 0.972656 0.287500 0.054688 0.225000
17 0.678125 0.447222 0.031250 0.077778
17 0.769531 0.463889 0.020313 0.044444
17 0.538281 0.356944 0.054688 0.147222
17 0.585938 0.380556 0.015625 0.088889
17 0.266406 0.481944 0.082812 0.113889
17 0.014844 0.512500 0.017188 0.063889
17 0.409375 0.533333 0.150000 0.027778
17 0.546094 0.138889 0.073438 0.266667
17 0.453906 0.190278 0.032813 0.208333
17 0.168750 0.150000 0.034375 0.050000
