16 0.403146 0.285294 0.130795 0.247059
16 0.456126 0.477941 0.067881 0.126471
16 0.456954 0.579412 0.069536 0.070588
16 0.430464 0.667647 0.019868 0.082353
16 0.415563 0.750000 0.043046 0.047059
16 0.505795 0.292647 0.067881 0.238235
16 0.524007 0.439706 0.064570 0.050000
16 0.533940 0.105882 0.140728 0.105882
16 0.635762 0.073529 0.052980 0.064706
16 0.330298 0.125000 0.081126 0.067647
16 0.406457 0.144118 0.051325 0.035294
16 0.397351 0.423529 0.046358 0.035294
16 0.418874 0.688235 0.013245 0.047059
16 0.332781 0.286765 0.019868 0.238235
17 0.389073 0.505882 0.069536 0.129412
17 0.571192 0.204412 0.056291 0.079412
17 0.411424 0.057353 0.100993 0.108824
17 0.407285 0.604412 0.023179 0.055882
17 0.340232 0.070588 0.048013 0.035294
