16 0.586719 0.334028 0.062500 0.540278
16 0.639062 0.381944 0.035937 0.038889
16 0.628906 0.424306 0.007812 0.031944
16 0.541797 0.472917 0.017969 0.204167
16 0.457422 0.461806 0.021094 0.040278
16 0.189844 0.649306 0.014063 0.056944
16 0.137891 0.666667 0.014844 0.052778
16 0.152734 0.600000 0.005469 0.058333
16 0.505469 0.546528 0.054688 0.043056
16 0.619922 0.702083 0.021094 0.004167
16 0.387891 0.713194 0.013281 0.029167
16 0.506250 0.612500 0.048438 0.069444
16 0.519141 0.667361 0.019531 0.029167
16 0.362500 0.551389 0.053125 0.022222
16 0.441406 0.343056 0.017188 0.011111
16 0.330469 0.500000 0.009375 0.038889
16 0.276172 0.550000 0.014844 0.005556
16 0.418750 0.506944 0.025000 0.011111
16 0.445703 0.609722 0.067969 0.116667
16 0.398828 0.615278 0.013281 0.080556
16 0.279297 0.605556 0.003906 0.055556
16 0.290625 0.609722 0.009375 0.069444
16 0.360156 0.608333 0.015625 0.072222
16 0.382812 0.615972 0.014063 0.087500
16 0.334766 0.607639 0.010156 0.062500
16 0.307812 0.617361 0.009375 0.084722
16 0.321484 0.609722 0.008594 0.061111
16 0.364063 0.547917 0.032813 0.020833
17 0.749609 0.360417 0.050781 0.065278
17 0.810156 0.306250 0.029687 0.126389
17 0.546875 0.154167 0.017188 0.097222
17 0.509375 0.303472 0.035937 0.068056
17 0.533984 0.238194 0.017969 0.045833
17 0.812500 0.395139 0.010937 0.043056
17 0.678906 0.351389 0.026562 0.047222
17 0.485938 0.434028 0.015625 0.048611
17 0.528125 0.356944 0.012500 0.027778
17 0.641016 0.245139 0.025781 0.195833
17 0.684375 0.188194 0.035937 0.068056
17 0.687500 0.280556 0.059375 0.069444
17 0.746875 0.265972 0.045312 0.112500
17 0.688281 0.240972 0.050000 0.018056
17 0.662109 0.173611 0.013281 0.097222
17 0.730859 0.179861 0.046094 0.056944
17 0.710547 0.116667 0.077344 0.055556
17 0.647656 0.117361 0.042188 0.048611
17 0.753516 0.405556 0.039844 0.005556
17 0.661719 0.183333 0.012500 0.072222
