16 0.663333 0.601504 0.030000 0.125313
16 0.715000 0.583960 0.066667 0.085213
16 0.711667 0.667920 0.060000 0.082707
16 0.669167 0.694236 0.021667 0.045113
16 0.723333 0.511278 0.076667 0.050125
16 0.697500 0.728070 0.078333 0.017544
16 0.396667 0.672932 0.083333 0.067669
16 0.478333 0.680451 0.080000 0.072682
16 0.405833 0.596491 0.061667 0.075188
16 0.467500 0.601504 0.058333 0.080201
16 0.425000 0.511278 0.050000 0.090226
16 0.473333 0.550125 0.040000 0.027569
16 0.539167 0.704261 0.031667 0.055138
16 0.568333 0.758145 0.013333 0.042607
16 0.585000 0.827068 0.040000 0.065163
16 0.633333 0.845865 0.050000 0.052632
16 0.743333 0.859649 0.030000 0.010025
16 0.656667 0.758145 0.006667 0.022556
16 0.772500 0.670426 0.025000 0.017544
16 0.717500 0.454887 0.041667 0.062657
16 0.565000 0.710526 0.010000 0.037594
16 0.540833 0.553885 0.021667 0.045113
17 0.670833 0.320802 0.111667 0.040100
17 0.694167 0.383459 0.078333 0.075188
17 0.749167 0.364662 0.028333 0.127820
17 0.752500 0.446115 0.025000 0.030075
17 0.740000 0.243108 0.036667 0.110276
17 0.689167 0.283208 0.058333 0.040100
17 0.299167 0.595238 0.111667 0.067669
17 0.295833 0.656642 0.101667 0.035088
17 0.270833 0.692982 0.051667 0.017544
17 0.345833 0.530075 0.061667 0.057644
17 0.442500 0.423559 0.088333 0.080201
17 0.618333 0.479950 0.093333 0.047619
17 0.577500 0.558897 0.025000 0.070175
17 0.608333 0.543860 0.030000 0.045113
17 0.576667 0.626566 0.106667 0.050125
17 0.608333 0.695489 0.080000 0.067669
17 0.611667 0.753133 0.056667 0.032581
17 0.780000 0.363409 0.030000 0.180451
17 0.796667 0.507519 0.060000 0.082707
17 0.794167 0.592732 0.061667 0.067669
17 0.790000 0.632832 0.040000 0.007519
17 0.620000 0.789474 0.016667 0.025063
17 0.532500 0.482456 0.071667 0.042607
17 0.573333 0.422306 0.153333 0.052632
17 0.279167 0.520050 0.065000 0.087719
17 0.360833 0.476190 0.058333 0.040100
17 0.365000 0.439850 0.056667 0.027569
