16 0.628889 0.283333 0.131111 0.180000
16 0.791667 0.287500 0.187778 0.171667
16 0.631667 0.483333 0.132222 0.206667
16 0.795000 0.484167 0.187778 0.205000
16 0.910556 0.288333 0.050000 0.170000
16 0.918333 0.465833 0.052222 0.168333
16 0.022222 0.455833 0.042222 0.215000
16 0.083889 0.425833 0.076667 0.125000
16 0.078333 0.523333 0.065556 0.056667
16 0.105556 0.590000 0.026667 0.056667
16 0.123889 0.647500 0.058889 0.048333
16 0.156111 0.706667 0.074444 0.060000
16 0.240556 0.705000 0.085556 0.046667
16 0.336667 0.706667 0.091111 0.040000
16 0.337222 0.648333 0.094444 0.070000
16 0.243889 0.659167 0.090000 0.041667
16 0.175000 0.650833 0.041111 0.048333
16 0.208889 0.614167 0.064444 0.048333
16 0.638889 0.617500 0.122222 0.058333
16 0.796667 0.614167 0.184444 0.041667
16 0.918889 0.597500 0.048889 0.071667
16 0.972778 0.410833 0.054444 0.241667
16 0.246667 0.499167 0.097778 0.041667
16 0.271111 0.436667 0.077778 0.066667
16 0.347778 0.525000 0.095556 0.080000
16 0.441111 0.531667 0.084444 0.086667
16 0.353333 0.450833 0.084444 0.085000
16 0.229444 0.559167 0.030000 0.068333
16 0.525556 0.540000 0.082222 0.096667
16 0.440556 0.465833 0.083333 0.035000
16 0.526667 0.470000 0.077778 0.046667
16 0.410000 0.361667 0.046667 0.073333
16 0.496667 0.413333 0.108889 0.060000
16 0.192222 0.945833 0.080000 0.021667
16 0.289444 0.934167 0.010000 0.018333
16 0.359444 0.913333 0.018889 0.006667
16 0.402778 0.921667 0.007778 0.013333
16 0.659444 0.863333 0.007778 0.013333
16 0.886667 0.880833 0.053333 0.021667
16 0.015556 0.934167 0.017778 0.025000
16 0.006111 0.318333 0.007778 0.033333
16 0.469444 0.354167 0.034444 0.058333
16 0.393889 0.295833 0.052222 0.048333
16 0.259444 0.341667 0.045556 0.123333
16 0.957222 0.595833 0.018889 0.075000
16 0.435556 0.427500 0.011111 0.048333
16 0.417778 0.445833 0.033333 0.015000
16 0.402222 0.430000 0.008889 0.056667
16 0.353889 0.369167 0.065556 0.081667
16 0.350000 0.303333 0.037778 0.046667
16 0.456667 0.303333 0.068889 0.046667
16 0.513333 0.357500 0.046667 0.041667
16 0.023889 0.586667 0.045556 0.036667
16 0.083889 0.653333 0.021111 0.053333
16 0.100556 0.755000 0.041111 0.040000
16 0.106111 0.793333 0.032222 0.026667
16 0.105556 0.825833 0.031111 0.028333
16 0.044444 0.946667 0.024444 0.013333
16 0.770000 0.878333 0.028889 0.010000
16 0.438889 0.622500 0.091111 0.075000
16 0.410556 0.700833 0.045556 0.061667
16 0.342778 0.590833 0.105556 0.045000
16 0.195556 0.609167 0.024444 0.045000
16 0.900000 0.814167 0.020000 0.021667
16 0.684444 0.833333 0.013333 0.023333
16 0.976667 0.695000 0.013333 0.013333
17 0.459444 0.228333 0.127778 0.063333
17 0.521667 0.301667 0.052222 0.060000
17 0.710556 0.171667 0.036667 0.046667
17 0.797778 0.068333 0.104444 0.076667
17 0.835556 0.015833 0.088889 0.025000
17 0.805000 0.132500 0.092222 0.035000
17 0.880556 0.100000 0.058889 0.110000
17 0.926111 0.136667 0.021111 0.100000
17 0.968889 0.205000 0.053333 0.060000
17 0.640556 0.175833 0.110000 0.031667
17 0.537778 0.159167 0.042222 0.058333
17 0.550556 0.334167 0.023333 0.085000
17 0.303889 0.270833 0.043333 0.085000
17 0.303333 0.369167 0.026667 0.041667
17 0.340556 0.263333 0.021111 0.026667
17 0.359444 0.229167 0.027778 0.028333
17 0.227778 0.227500 0.035556 0.048333
17 0.264444 0.255000 0.026667 0.046667
17 0.160000 0.365833 0.020000 0.025000
17 0.486667 0.164167 0.066667 0.061667
17 0.975556 0.574167 0.006667 0.028333
17 0.995556 0.560000 0.008889 0.036667
17 0.160556 0.532500 0.056667 0.071667
17 0.267222 0.580833 0.034444 0.041667
17 0.359444 0.600833 0.030000 0.011667
17 0.531667 0.621667 0.018889 0.033333
17 0.557778 0.618333 0.015556 0.023333
17 0.971667 0.755000 0.007778 0.063333
17 0.973889 0.757500 0.003333 0.035000
17 0.507222 0.609167 0.014444 0.008333
17 0.263333 0.580000 0.011111 0.040000
17 0.144444 0.542500 0.033333 0.035000
17 0.175556 0.562500 0.020000 0.015000
17 0.026667 0.295833 0.033333 0.048333
17 0.063333 0.343333 0.024444 0.030000
16 0.167222 0.847500 0.018889 0.055000
16 0.517778 0.906667 0.011111 0.010000
