16 0.190833 0.419167 0.056667 0.073333
16 0.192917 0.471667 0.050833 0.021667
16 0.208750 0.497917 0.015833 0.015833
16 0.252500 0.447500 0.061667 0.046667
16 0.262917 0.483750 0.017500 0.014167
16 0.302500 0.434167 0.033333 0.018333
16 0.397083 0.424583 0.070833 0.070833
16 0.360417 0.480000 0.034167 0.025000
16 0.350000 0.439167 0.023333 0.033333
16 0.420417 0.467500 0.032500 0.015000
16 0.451667 0.493750 0.068333 0.027500
16 0.462917 0.434167 0.050833 0.091667
16 0.509167 0.433333 0.040000 0.091667
16 0.505417 0.489583 0.025833 0.010833
16 0.375000 0.375417 0.028333 0.025833
16 0.490833 0.354583 0.041667 0.060833
16 0.527917 0.371667 0.022500 0.030000
16 0.422500 0.376667 0.025000 0.020000
16 0.384167 0.322917 0.030000 0.025833
16 0.383750 0.352917 0.014167 0.024167
16 0.146250 0.445417 0.042500 0.027500
16 0.153333 0.470417 0.011667 0.009167
16 0.051667 0.419167 0.046667 0.055000
16 0.072500 0.340000 0.073333 0.096667
16 0.072917 0.277917 0.057500 0.020833
16 0.081250 0.240833 0.044167 0.041667
16 0.088750 0.202917 0.025833 0.027500
16 0.183750 0.042917 0.032500 0.022500
16 0.181250 0.072917 0.017500 0.019167
16 0.178333 0.116250 0.035000 0.029167
16 0.119167 0.143333 0.016667 0.020000
16 0.225000 0.010417 0.028333 0.007500
16 0.585417 0.373750 0.015833 0.019167
16 0.635417 0.374583 0.015833 0.019167
16 0.683750 0.350833 0.030833 0.050000
16 0.770000 0.397917 0.023333 0.020833
16 0.773333 0.437500 0.031667 0.030000
16 0.739167 0.448333 0.031667 0.023333
16 0.764583 0.488333 0.060833 0.043333
16 0.740000 0.543333 0.028333 0.020000
16 0.747083 0.521250 0.029167 0.015833
16 0.780000 0.533333 0.018333 0.036667
16 0.615417 0.504583 0.017500 0.027500
16 0.645000 0.500833 0.035000 0.051667
16 0.652917 0.460417 0.020833 0.024167
16 0.663333 0.431250 0.030000 0.024167
16 0.682500 0.497500 0.036667 0.063333
16 0.652083 0.540000 0.015833 0.018333
16 0.183333 0.367500 0.045000 0.033333
17 0.189583 0.265417 0.154167 0.152500
17 0.200417 0.177083 0.145833 0.017500
17 0.240833 0.134167 0.075000 0.053333
17 0.243750 0.082500 0.075833 0.046667
17 0.245833 0.038750 0.068333 0.022500
17 0.316667 0.015833 0.093333 0.020000
17 0.312917 0.213750 0.069167 0.077500
17 0.316250 0.298750 0.080833 0.067500
17 0.286667 0.365000 0.128333 0.025000
17 0.314167 0.343750 0.070000 0.015833
17 0.288750 0.395833 0.089167 0.025000
17 0.316667 0.101667 0.075000 0.133333
17 0.396667 0.091667 0.086667 0.161667
17 0.483750 0.007500 0.235833 0.011667
17 0.395417 0.214583 0.090833 0.082500
17 0.400833 0.282917 0.091667 0.037500
17 0.524583 0.090417 0.164167 0.149167
17 0.520417 0.235417 0.157500 0.130833
17 0.558750 0.321667 0.084167 0.043333
17 0.629167 0.316667 0.058333 0.038333
17 0.622083 0.347083 0.035833 0.019167
17 0.634167 0.085000 0.061667 0.166667
17 0.631667 0.235417 0.061667 0.122500
17 0.280417 0.364167 0.114167 0.030000
17 0.715000 0.105833 0.101667 0.200000
17 0.696250 0.266667 0.067500 0.116667
17 0.726667 0.379583 0.046667 0.094167
17 0.679167 0.397500 0.050000 0.021667
17 0.703333 0.442917 0.023333 0.015833
17 0.786667 0.269583 0.113333 0.117500
17 0.796667 0.357917 0.091667 0.042500
17 0.812917 0.108750 0.090833 0.202500
17 0.929583 0.043750 0.137500 0.085833
17 0.929583 0.155417 0.140833 0.130833
17 0.921667 0.287083 0.150000 0.137500
17 0.923750 0.426250 0.152500 0.115833
17 0.820000 0.441250 0.053333 0.105833
17 0.824583 0.506250 0.045833 0.022500
17 0.925417 0.504583 0.149167 0.044167
17 0.958750 0.537917 0.082500 0.017500
17 0.876667 0.532500 0.035000 0.010000
17 0.839583 0.530417 0.034167 0.022500
17 0.597500 0.429167 0.060000 0.043333
17 0.612500 0.396667 0.061667 0.015000
17 0.556667 0.445000 0.021667 0.061667
17 0.599167 0.464583 0.048333 0.015833
17 0.017083 0.369167 0.032500 0.153333
17 0.098750 0.053750 0.100833 0.105833
17 0.176667 0.012917 0.045000 0.014167
17 0.075417 0.147500 0.052500 0.076667
17 0.025417 0.186250 0.049167 0.144167
17 0.020833 0.276667 0.040000 0.031667
17 0.026667 0.055417 0.036667 0.095833
17 0.727500 0.383750 0.041667 0.089167
17 0.963750 0.554583 0.027500 0.014167
17 0.167500 0.151667 0.056667 0.025000
17 0.925417 0.364583 0.149167 0.022500
