17 0.811279 0.178341 0.151855 0.350242
17 0.484863 0.380032 0.142578 0.164251
17 0.670898 0.178744 0.128906 0.351047
17 0.696533 0.395733 0.276855 0.066828
17 0.624512 0.485507 0.126953 0.104670
17 0.628906 0.570048 0.118164 0.054750
17 0.618652 0.610306 0.024414 0.019324
17 0.663330 0.612721 0.018066 0.017713
17 0.450195 0.513688 0.073242 0.088567
17 0.154053 0.387279 0.085449 0.107890
17 0.163086 0.471417 0.046875 0.061997
17 0.387695 0.150564 0.437500 0.283414
17 0.305420 0.326490 0.205566 0.060386
17 0.944824 0.299919 0.110352 0.595008
17 0.891602 0.617552 0.072266 0.040258
17 0.971680 0.615137 0.056641 0.038647
17 0.989746 0.652576 0.020508 0.033011
17 0.111084 0.086151 0.111816 0.170692
17 0.144775 0.192029 0.052246 0.034622
17 0.028320 0.039855 0.053711 0.068438
16 0.008789 0.358293 0.013672 0.204509
16 0.040283 0.368760 0.045410 0.146538
16 0.087646 0.387279 0.043457 0.123994
16 0.270020 0.416667 0.132812 0.102254
16 0.256836 0.482287 0.060547 0.025765
16 0.372314 0.520129 0.039551 0.064412
16 0.358398 0.568841 0.012695 0.021739
16 0.529297 0.540258 0.050781 0.091787
16 0.536865 0.596216 0.020020 0.026570
16 0.709961 0.534622 0.026367 0.162641
16 0.751221 0.559179 0.044434 0.095813
16 0.748779 0.625604 0.019043 0.025765
16 0.784424 0.533816 0.018066 0.149758
16 0.764404 0.490338 0.021973 0.053140
16 0.803955 0.557568 0.014160 0.018519
16 0.716309 0.630032 0.014648 0.028180
16 0.725830 0.554750 0.008301 0.080515
16 0.487793 0.595411 0.013672 0.021739
16 0.087158 0.469807 0.023926 0.026570
17 0.032227 0.221014 0.060547 0.061997
17 0.093018 0.312399 0.046387 0.025765
17 0.377197 0.416667 0.060059 0.116747
17 0.342529 0.413849 0.012207 0.114332
17 0.842773 0.489936 0.091797 0.111916
17 0.854248 0.572866 0.075684 0.045894
17 0.827148 0.613929 0.049805 0.020129
17 0.832520 0.634863 0.009766 0.016908
17 0.200439 0.489130 0.023926 0.029791
17 0.275391 0.510870 0.016602 0.013688
16 0.325439 0.489130 0.056152 0.034622
17 0.338867 0.529791 0.022461 0.040258
17 0.401855 0.508454 0.015625 0.045894
