17 0.318889 0.257500 0.077778 0.178333
17 0.623889 0.258333 0.130000 0.143333
17 0.688333 0.135833 0.114444 0.061667
17 0.671667 0.177500 0.065556 0.025000
17 0.456667 0.249167 0.068889 0.111667
17 0.487778 0.247500 0.411111 0.155000
17 0.591667 0.093333 0.396667 0.163333
17 0.762222 0.222500 0.046667 0.078333
17 0.753333 0.281667 0.015556 0.036667
17 0.843889 0.147500 0.027778 0.055000
17 0.847778 0.214167 0.020000 0.051667
17 0.853333 0.268333 0.006667 0.040000
17 0.937222 0.183333 0.032222 0.046667
17 0.928333 0.220833 0.012222 0.015000
17 0.950556 0.129167 0.032222 0.048333
17 0.972222 0.060000 0.037778 0.020000
17 0.956667 0.093333 0.031111 0.010000
16 0.879444 0.580000 0.010000 0.030000
16 0.812778 0.580833 0.010000 0.018333
16 0.792222 0.635000 0.004444 0.030000
16 0.627222 0.615833 0.012222 0.011667
16 0.870000 0.681667 0.004444 0.016667
16 0.772222 0.687500 0.008889 0.018333
16 0.391111 0.558333 0.020000 0.013333
16 0.358333 0.520000 0.007778 0.010000
16 0.563333 0.601667 0.006667 0.010000
16 0.566667 0.416667 0.004444 0.020000
16 0.546111 0.472500 0.003333 0.015000
16 0.634444 0.437500 0.004444 0.005000
16 0.691111 0.471667 0.002222 0.016667
16 0.277778 0.410833 0.011111 0.021667
16 0.252778 0.447500 0.010000 0.015000
16 0.271111 0.279167 0.011111 0.008333
16 0.237778 0.435000 0.004444 0.023333
16 0.214444 0.421667 0.015556 0.013333
16 0.438333 0.626667 0.023333 0.016667
16 0.443889 0.606667 0.014444 0.016667
17 0.436667 0.405000 0.246667 0.063333
17 0.457222 0.348333 0.292222 0.053333
17 0.650556 0.364167 0.074444 0.061667
17 0.650556 0.430833 0.070000 0.065000
17 0.652778 0.484167 0.065556 0.041667
17 0.632222 0.534167 0.024444 0.045000
17 0.410000 0.459167 0.053333 0.051667
17 0.344444 0.466667 0.066667 0.053333
17 0.446111 0.550833 0.007778 0.058333
17 0.463889 0.541667 0.012222 0.063333
17 0.480000 0.527500 0.011111 0.041667
17 0.493333 0.535833 0.006667 0.078333
16 0.404444 0.411667 0.006667 0.016667
16 0.532222 0.435833 0.004444 0.018333
16 0.506111 0.464167 0.010000 0.025000
16 0.477222 0.473333 0.007778 0.030000
16 0.499444 0.200833 0.007778 0.015000
17 0.257222 0.350000 0.036667 0.080000
17 0.202778 0.335833 0.070000 0.031667
17 0.208333 0.377500 0.054444 0.035000
17 0.310556 0.532500 0.016667 0.018333
17 0.565556 0.520833 0.020000 0.065000
17 0.979444 0.557500 0.007778 0.025000
17 0.969444 0.212500 0.014444 0.021667
17 0.860000 0.332500 0.002222 0.041667
17 0.925000 0.540000 0.018889 0.013333
17 0.933333 0.185000 0.040000 0.026667
17 0.996667 0.664167 0.004444 0.035000
17 0.865556 0.320833 0.013333 0.001667
18 0.843333 0.862500 0.146667 0.231667
18 0.630556 0.765000 0.032222 0.113333
18 0.356111 0.669167 0.067778 0.021667
18 0.378889 0.715000 0.033333 0.056667
18 0.764444 0.886667 0.011111 0.176667
18 0.204444 0.632500 0.031111 0.011667
18 0.120556 0.585833 0.014444 0.008333
18 0.083333 0.587500 0.035556 0.035000
18 0.108333 0.638333 0.098889 0.010000
18 0.252222 0.594167 0.015556 0.015000
