16 0.372308 0.397550 0.135385 0.505568
16 0.477692 0.453229 0.072308 0.233853
16 0.543846 0.501114 0.056923 0.311804
16 0.598462 0.506682 0.049231 0.238307
16 0.645385 0.585746 0.044615 0.071269
16 0.206923 0.138085 0.189231 0.182628
16 0.380000 0.092428 0.150769 0.095768
16 0.498462 0.070156 0.083077 0.046771
16 0.611538 0.056793 0.293846 0.091314
16 0.530769 0.119154 0.043077 0.042316
16 0.593077 0.119154 0.032308 0.028953
16 0.892308 0.089087 0.036923 0.115813
16 0.858462 0.130290 0.030769 0.055679
16 0.821538 0.152561 0.033846 0.037862
16 0.986923 0.126949 0.026154 0.133630
16 0.984615 0.223831 0.030769 0.046771
16 0.510000 0.281737 0.029231 0.037862
16 0.676154 0.565702 0.010769 0.026726
16 0.717692 0.286192 0.038462 0.015590
16 0.655385 0.280624 0.052308 0.013363
16 0.580000 0.221604 0.015385 0.020045
16 0.561538 0.282851 0.009231 0.040089
16 0.457692 0.285078 0.029231 0.044543
16 0.323077 0.684855 0.030769 0.069042
16 0.313846 0.793987 0.009231 0.100223
16 0.460000 0.583519 0.030769 0.022272
16 0.443077 0.624722 0.012308 0.060134
17 0.055385 0.130290 0.104615 0.251670
17 0.700000 0.164811 0.203077 0.097996
17 0.690769 0.248330 0.236923 0.024499
17 0.694615 0.228285 0.226154 0.015590
17 0.944615 0.087973 0.058462 0.118040
17 0.933846 0.226058 0.064615 0.158129
17 0.090769 0.312918 0.049231 0.109131
17 0.204615 0.026726 0.184615 0.040089
