16 0.464461 0.350490 0.053922 0.299020
16 0.404412 0.437500 0.071078 0.023693
16 0.426777 0.379902 0.025123 0.093137
16 0.535846 0.487337 0.023897 0.056373
16 0.517770 0.265114 0.052696 0.084150
16 0.558824 0.577614 0.015931 0.052288
16 0.590074 0.503268 0.023284 0.148693
16 0.350797 0.321078 0.021446 0.014706
16 0.337623 0.220180 0.009804 0.025327
16 0.460172 0.507353 0.037990 0.011438
16 0.466912 0.249592 0.050245 0.100490
16 0.613971 0.563725 0.014706 0.045752
17 0.534620 0.381127 0.069240 0.095588
17 0.399510 0.279820 0.046569 0.084150
