16 0.327381 0.164414 0.104167 0.247748
16 0.375744 0.542793 0.028274 0.157658
16 0.554315 0.483108 0.126488 0.056306
16 0.658482 0.470721 0.066964 0.117117
16 0.648065 0.320946 0.052083 0.101351
16 0.706101 0.487613 0.028274 0.078829
16 0.508929 0.576577 0.050595 0.108108
16 0.625744 0.547297 0.105655 0.031532
16 0.634673 0.594595 0.019345 0.049550
16 0.199405 0.529279 0.014881 0.045045
16 0.317708 0.510135 0.028274 0.056306
16 0.247024 0.533784 0.026786 0.054054
16 0.293899 0.656532 0.010417 0.033784
16 0.337798 0.620495 0.029762 0.132883
16 0.563244 0.680180 0.019345 0.022523
16 0.507440 0.671171 0.038690 0.067568
16 0.462798 0.493243 0.044643 0.040541
16 0.401042 0.256757 0.034226 0.076577
16 0.408482 0.378378 0.013393 0.157658
16 0.313244 0.319820 0.063988 0.049550
16 0.645833 0.390766 0.041667 0.033784
16 0.398065 0.558559 0.010417 0.108108
16 0.392113 0.653153 0.013393 0.049550
16 0.382440 0.674550 0.017857 0.015766
16 0.418899 0.671171 0.007440 0.076577
16 0.593750 0.522523 0.038690 0.018018
16 0.687500 0.545045 0.008929 0.022523
16 0.351935 0.485360 0.013393 0.047297
17 0.324405 0.400901 0.089286 0.085586
17 0.249256 0.194820 0.046131 0.286036
17 0.255952 0.426802 0.038690 0.150901
17 0.288690 0.537162 0.020833 0.168919
17 0.306548 0.588964 0.008929 0.078829
17 0.420387 0.067568 0.069940 0.117117
17 0.755208 0.596847 0.052083 0.157658
17 0.688244 0.675676 0.135417 0.072072
17 0.723958 0.625000 0.063988 0.024775
17 0.729911 0.603604 0.037202 0.018018
17 0.693452 0.615991 0.071429 0.051802
17 0.715030 0.572072 0.034226 0.049550
17 0.244048 0.638514 0.023810 0.137387
17 0.287946 0.697072 0.052083 0.042793
16 0.271577 0.614865 0.013393 0.027027
17 0.186012 0.648649 0.035714 0.072072
17 0.468750 0.561937 0.029762 0.078829
17 0.489583 0.202703 0.181548 0.067568
17 0.518601 0.255631 0.168155 0.033784
17 0.649554 0.204955 0.102679 0.099099
17 0.431548 0.404279 0.017857 0.083333
17 0.601935 0.636261 0.031250 0.101351
17 0.567708 0.634009 0.040179 0.069820
16 0.576637 0.612613 0.013393 0.058559
16 0.446429 0.600225 0.008929 0.056306
16 0.459821 0.620495 0.014881 0.029279
16 0.612351 0.313063 0.019345 0.049550
16 0.686012 0.310811 0.011905 0.076577
16 0.676339 0.313063 0.007440 0.081081
16 0.701637 0.386261 0.016369 0.024775
17 0.505952 0.422297 0.062500 0.065315
