16 0.902954 0.438944 0.185654 0.488449
16 0.486287 0.395215 0.651899 0.183168
16 0.762658 0.250000 0.097046 0.113861
16 0.654536 0.261551 0.117089 0.084158
16 0.554852 0.269802 0.082278 0.067657
16 0.484705 0.279703 0.055907 0.051155
16 0.435127 0.285479 0.041139 0.042904
16 0.390823 0.287954 0.049578 0.031353
16 0.343882 0.290429 0.040084 0.026403
16 0.304852 0.297030 0.027426 0.019802
16 0.274789 0.296205 0.028481 0.014851
16 0.089662 0.248350 0.135021 0.044554
16 0.107068 0.295380 0.104430 0.046205
16 0.125000 0.338284 0.072785 0.033003
16 0.139241 0.377063 0.042194 0.037954
16 0.149789 0.409241 0.016878 0.019802
16 0.077004 0.327558 0.018987 0.018152
16 0.642405 0.513201 0.348101 0.052805
16 0.681435 0.607261 0.118143 0.132013
16 0.785865 0.764851 0.200422 0.061056
16 0.841772 0.711221 0.056962 0.046205
16 0.856540 0.900165 0.069620 0.196370
16 0.789557 0.820957 0.066456 0.051155
16 0.725738 0.821782 0.029536 0.036304
16 0.985759 0.702970 0.022152 0.029703
16 0.957806 0.945545 0.027426 0.079208
16 0.982068 0.960396 0.016878 0.049505
16 0.761076 0.990924 0.125527 0.018152
16 0.813819 0.952145 0.020042 0.059406
16 0.793249 0.968647 0.018987 0.029703
16 0.758439 0.965347 0.018987 0.026403
16 0.614979 0.761551 0.040084 0.044554
16 0.659283 0.735149 0.052743 0.044554
16 0.032173 0.146040 0.026371 0.153465
16 0.059599 0.054455 0.007384 0.082508
16 0.867616 0.098185 0.142405 0.189769
16 0.968354 0.165017 0.052743 0.066007
16 0.709916 0.100660 0.056962 0.184818
16 0.768460 0.173267 0.055907 0.039604
16 0.630274 0.209571 0.167722 0.023102
16 0.623945 0.103135 0.070675 0.193069
16 0.559599 0.155116 0.030591 0.089109
16 0.493143 0.212046 0.072785 0.074257
16 0.418249 0.234323 0.022152 0.056106
16 0.728376 0.973597 0.009494 0.023102
17 0.027954 0.371287 0.049578 0.194719
17 0.010021 0.133663 0.017932 0.247525
17 0.088608 0.429868 0.061181 0.107261
17 0.140823 0.462046 0.036920 0.102310
17 0.185654 0.483498 0.044304 0.059406
17 0.245781 0.489274 0.056962 0.041254
17 0.306962 0.506601 0.052743 0.026403
17 0.405063 0.524752 0.130802 0.019802
17 0.449895 0.505776 0.039030 0.021452
17 0.478903 0.553630 0.088608 0.037954
17 0.571730 0.624587 0.084388 0.150165
17 0.521624 0.632838 0.017932 0.103960
17 0.395042 0.306931 0.045359 0.046205
17 0.447785 0.356436 0.117089 0.046205
17 0.446203 0.394389 0.063291 0.033003
17 0.539557 0.370462 0.051688 0.051155
17 0.589135 0.388614 0.034810 0.028053
17 0.800633 0.503300 0.037975 0.052805
17 0.850738 0.561056 0.047468 0.059406
17 0.786392 0.641914 0.036920 0.062706
17 0.840190 0.386139 0.041139 0.108911
17 0.676688 0.391089 0.095992 0.099010
17 0.770042 0.379538 0.067511 0.115512
17 0.873945 0.399340 0.015823 0.056106
17 0.917722 0.413366 0.046414 0.041254
17 0.593882 0.340759 0.050633 0.054455
17 0.647152 0.327558 0.055907 0.041254
17 0.711498 0.331683 0.045359 0.019802
16 0.779536 0.578383 0.067511 0.064356
16 0.642932 0.693894 0.036920 0.034653
16 0.755802 0.645215 0.026371 0.059406
18 0.371835 0.718647 0.020042 0.061056
