16 0.547917 0.057229 0.120833 0.102410
16 0.644792 0.137048 0.122917 0.051205
16 0.662500 0.195783 0.116667 0.066265
16 0.623958 0.265060 0.027083 0.066265
16 0.711458 0.296687 0.027083 0.051205
16 0.683333 0.243976 0.045833 0.024096
16 0.662500 0.444277 0.025000 0.051205
16 0.691667 0.484940 0.020833 0.102410
16 0.765625 0.802711 0.047917 0.111446
16 0.703125 0.897590 0.056250 0.036145
16 0.800000 0.706325 0.041667 0.021084
16 0.663542 0.768072 0.010417 0.030120
16 0.704167 0.793675 0.041667 0.033133
16 0.730208 0.554217 0.022917 0.024096
16 0.793750 0.566265 0.012500 0.042169
16 0.817708 0.573795 0.006250 0.045181
16 0.423958 0.540663 0.035417 0.033133
16 0.446875 0.656627 0.010417 0.024096
16 0.314583 0.838855 0.020833 0.021084
16 0.006250 0.769578 0.008333 0.039157
16 0.160417 0.817771 0.012500 0.027108
16 0.472917 0.885542 0.016667 0.042169
16 0.544792 0.841867 0.022917 0.033133
16 0.531250 0.909639 0.012500 0.054217
16 0.439583 0.581325 0.016667 0.030120
16 0.611458 0.805723 0.018750 0.039157
16 0.658333 0.930723 0.025000 0.024096
16 0.711458 0.489458 0.010417 0.093373
16 0.716667 0.400602 0.029167 0.054217
16 0.740625 0.326807 0.018750 0.165663
16 0.732292 0.658133 0.018750 0.033133
16 0.622917 0.329819 0.012500 0.027108
16 0.486458 0.730422 0.010417 0.021084
16 0.483333 0.768072 0.012500 0.012048
16 0.488542 0.799699 0.014583 0.021084
16 0.454167 0.849398 0.004167 0.012048
16 0.765625 0.876506 0.027083 0.018072
16 0.646875 0.757530 0.018750 0.045181
16 0.639583 0.670181 0.016667 0.033133
16 0.454167 0.912651 0.008333 0.018072
16 0.701042 0.936747 0.018750 0.012048
16 0.689583 0.962349 0.012500 0.015060
16 0.730208 0.493976 0.022917 0.084337
16 0.745833 0.338855 0.029167 0.117470
17 0.259375 0.081325 0.447917 0.150602
17 0.881250 0.147590 0.237500 0.289157
17 0.962500 0.379518 0.075000 0.168675
17 0.533333 0.149096 0.095833 0.069277
17 0.551042 0.212349 0.110417 0.057229
17 0.569792 0.256024 0.081250 0.024096
17 0.547917 0.368976 0.041667 0.033133
17 0.583333 0.329819 0.016667 0.057229
17 0.596875 0.286145 0.022917 0.024096
17 0.395833 0.203313 0.075000 0.099398
17 0.371875 0.293675 0.068750 0.045181
17 0.338542 0.359940 0.027083 0.063253
17 0.086458 0.251506 0.039583 0.039157
17 0.071875 0.295181 0.018750 0.024096
17 0.079167 0.195783 0.020833 0.078313
17 0.126042 0.168675 0.068750 0.030120
17 0.690625 0.036145 0.139583 0.066265
17 0.737500 0.117470 0.050000 0.084337
17 0.027083 0.134036 0.020833 0.051205
17 0.309375 0.179217 0.039583 0.045181
17 0.022917 0.034639 0.029167 0.051205
17 0.793750 0.316265 0.058333 0.048193
17 0.783333 0.365964 0.029167 0.045181
16 0.093750 0.436747 0.025000 0.060241
17 0.266667 0.786145 0.012500 0.030120
17 0.384375 0.768072 0.010417 0.030120
17 0.391667 0.858434 0.016667 0.018072
17 0.518750 0.745482 0.008333 0.045181
17 0.620833 0.858434 0.025000 0.036145
17 0.527083 0.840361 0.012500 0.024096
17 0.419792 0.894578 0.010417 0.018072
17 0.251042 0.897590 0.022917 0.024096
17 0.076042 0.819277 0.010417 0.030120
17 0.134375 0.433735 0.018750 0.024096
17 0.451042 0.763554 0.014583 0.081325
17 0.897917 0.981928 0.008333 0.030120
