17 0.501427 0.130342 0.997147 0.252137
17 0.166904 0.366453 0.330956 0.202991
17 0.507133 0.276709 0.338088 0.032051
17 0.364479 0.335470 0.058488 0.076923
17 0.529244 0.306624 0.248217 0.023504
17 0.519971 0.341880 0.164051 0.034188
17 0.546362 0.401709 0.114123 0.064103
17 0.546362 0.454060 0.111270 0.023504
17 0.885877 0.354701 0.228245 0.192308
17 0.749643 0.413462 0.038516 0.104701
17 0.714693 0.466880 0.028531 0.032051
17 0.700428 0.391026 0.051355 0.051282
17 0.662625 0.459402 0.015692 0.034188
17 0.251783 0.495726 0.104137 0.055556
17 0.285307 0.564103 0.028531 0.072650
17 0.214693 0.540598 0.029957 0.025641
17 0.248930 0.549145 0.021398 0.038462
17 0.104137 0.486111 0.196862 0.032051
16 0.334522 0.511752 0.055635 0.083333
16 0.399429 0.466880 0.065621 0.104701
16 0.393010 0.550214 0.038516 0.057692
16 0.460770 0.447650 0.045649 0.138889
16 0.487874 0.533120 0.042796 0.027778
16 0.566334 0.486111 0.159772 0.032051
16 0.569187 0.431624 0.171184 0.102564
16 0.631241 0.353632 0.052782 0.049145
16 0.669044 0.331197 0.025678 0.051282
16 0.722539 0.324786 0.081312 0.089744
16 0.662625 0.506410 0.015692 0.034188
16 0.698288 0.452991 0.069900 0.051282
16 0.417974 0.380342 0.042796 0.072650
16 0.463623 0.366453 0.031384 0.023504
16 0.549929 0.420940 0.121255 0.098291
16 0.541369 0.521368 0.047076 0.017094
16 0.597718 0.511752 0.042796 0.014957
