17 0.500625 0.063910 0.998750 0.124060
17 0.125000 0.241541 0.245000 0.227444
17 0.098125 0.414474 0.188750 0.099624
17 0.680625 0.273496 0.638750 0.287594
17 0.631250 0.466165 0.532500 0.078947
17 0.417500 0.556391 0.035000 0.090226
17 0.489375 0.525376 0.048750 0.035714
17 0.532500 0.530075 0.022500 0.033835
17 0.841875 0.522556 0.113750 0.030075
17 0.343750 0.356203 0.030000 0.140977
17 0.982500 0.451128 0.030000 0.060150
16 0.290000 0.328008 0.077500 0.392857
16 0.339375 0.210526 0.016250 0.154135
16 0.225000 0.427632 0.055000 0.122180
16 0.197500 0.510338 0.030000 0.050752
16 0.152500 0.523496 0.015000 0.050752
16 0.416875 0.623120 0.018750 0.005639
16 0.950000 0.517857 0.100000 0.065789
16 0.974375 0.593045 0.051250 0.080827
16 0.978125 0.699248 0.043750 0.127820
16 0.348750 0.484023 0.032500 0.088346
16 0.245625 0.508459 0.006250 0.035714
16 0.220625 0.505639 0.006250 0.022556
16 0.351250 0.545113 0.022500 0.030075
16 0.176875 0.578008 0.016250 0.024436
16 0.178125 0.471805 0.021250 0.041353
16 0.641250 0.521617 0.050000 0.035714
16 0.692500 0.524436 0.027500 0.026316
