17 0.275000 0.187840 0.094898 0.168784
17 0.244388 0.326679 0.131633 0.061706
17 0.206122 0.394737 0.061224 0.049002
17 0.450000 0.217786 0.234694 0.127042
17 0.420408 0.317604 0.069388 0.072595
17 0.550000 0.336661 0.038776 0.088929
17 0.577551 0.529946 0.042857 0.047187
17 0.732653 0.467332 0.061224 0.117967
17 0.851020 0.599819 0.026531 0.176044
17 0.831633 0.647005 0.014286 0.088929
17 0.939796 0.647005 0.067347 0.103448
17 0.061224 0.399274 0.110204 0.098004
17 0.042857 0.573503 0.069388 0.214156
16 0.145408 0.469147 0.054082 0.208711
16 0.436224 0.462795 0.519388 0.072595
16 0.398469 0.389292 0.296939 0.070780
16 0.421939 0.321234 0.227551 0.087114
16 0.451020 0.589837 0.108163 0.196007
16 0.527551 0.598911 0.046939 0.199637
16 0.645918 0.525408 0.116327 0.194192
16 0.739286 0.626134 0.031633 0.087114
16 0.703061 0.778584 0.014286 0.050817
16 0.676020 0.768603 0.003061 0.027223
16 0.625510 0.702359 0.030612 0.036298
16 0.814286 0.756806 0.014286 0.050817
16 0.211735 0.705989 0.011224 0.083485
16 0.110204 0.507260 0.012245 0.107078
16 0.056633 0.709619 0.054082 0.036298
17 0.110714 0.208711 0.194898 0.210526
17 0.641837 0.347550 0.124490 0.154265
17 0.720918 0.380218 0.019388 0.063521
17 0.874490 0.370236 0.034694 0.163339
17 0.886735 0.156987 0.053061 0.154265
16 0.525510 0.833938 0.022449 0.099819
16 0.568878 0.589837 0.029592 0.159710
