17 0.060861 0.199501 0.046816 0.074813
17 0.189139 0.122195 0.093633 0.224439
17 0.443820 0.279302 0.168539 0.553616
17 0.867041 0.230673 0.093633 0.451372
17 0.956929 0.054863 0.078652 0.104738
17 0.941948 0.175810 0.048689 0.117207
17 0.927903 0.293017 0.028090 0.097257
17 0.922285 0.370324 0.020599 0.047382
17 0.831461 0.506234 0.033708 0.094763
17 0.592697 0.239401 0.028090 0.039900
17 0.606742 0.375312 0.026217 0.062344
17 0.591760 0.517456 0.026217 0.122195
17 0.439139 0.488778 0.069288 0.099751
17 0.489700 0.406484 0.054307 0.049875
17 0.980337 0.364090 0.024345 0.079800
17 0.972846 0.471322 0.050562 0.054863
17 0.050562 0.076060 0.056180 0.117207
17 0.029963 0.571072 0.044944 0.044888
17 0.954120 0.657107 0.016854 0.037406
17 0.985955 0.634663 0.028090 0.067332
17 0.851124 0.589776 0.050562 0.052369
17 0.593633 0.170823 0.022472 0.072319
17 0.591760 0.063591 0.026217 0.067332
17 0.814607 0.342893 0.007491 0.236908
17 0.097378 0.600998 0.011236 0.019950
16 0.420412 0.599751 0.215356 0.122195
16 0.390449 0.693267 0.039326 0.039900
16 0.470037 0.673317 0.059925 0.024938
16 0.819288 0.738155 0.024345 0.219451
16 0.966292 0.760599 0.067416 0.124688
16 0.917603 0.714464 0.029963 0.062344
16 0.198502 0.554863 0.037453 0.102244
16 0.073034 0.514963 0.026217 0.052369
16 0.389513 0.265586 0.048689 0.127182
16 0.164794 0.314214 0.029963 0.099751
16 0.218165 0.351621 0.024345 0.049875
16 0.389513 0.463840 0.022472 0.019950
16 0.075843 0.320449 0.020599 0.017456
16 0.591760 0.647132 0.029963 0.082294
16 0.280899 0.592269 0.052434 0.102244
16 0.906367 0.857855 0.037453 0.049875
16 0.975655 0.891521 0.048689 0.062344
16 0.827715 0.258105 0.033708 0.032419
16 0.992509 0.261845 0.014981 0.014963
16 0.505618 0.320449 0.044944 0.017456
16 0.615169 0.301746 0.013109 0.024938
16 0.205993 0.456359 0.033708 0.024938
16 0.342697 0.521197 0.037453 0.039900
16 0.034644 0.453865 0.013109 0.019950
