16 0.567742 0.426862 0.129032 0.167553
16 0.595161 0.531915 0.135484 0.042553
16 0.529839 0.640957 0.098387 0.154255
16 0.815323 0.545213 0.088710 0.095745
16 0.800806 0.623670 0.046774 0.045213
16 0.308065 0.613032 0.093548 0.125000
16 0.167742 0.700798 0.187097 0.055851
16 0.068548 0.627660 0.053226 0.047872
16 0.029032 0.595745 0.012903 0.026596
16 0.065323 0.710106 0.014516 0.031915
16 0.398387 0.660904 0.038710 0.034574
16 0.592742 0.690160 0.024194 0.061170
16 0.675806 0.644947 0.045161 0.082447
16 0.316129 0.789894 0.032258 0.095745
16 0.294355 0.843085 0.037097 0.026596
16 0.333065 0.948138 0.046774 0.055851
16 0.483065 0.472074 0.040323 0.077128
16 0.592742 0.260638 0.017742 0.058511
16 0.468548 0.696809 0.024194 0.047872
16 0.803226 0.691489 0.012903 0.042553
16 0.850000 0.622340 0.029032 0.010638
16 0.218548 0.635638 0.020968 0.074468
16 0.248387 0.628989 0.019355 0.023936
16 0.492742 0.232713 0.027419 0.093085
16 0.513710 0.316489 0.027419 0.063830
16 0.470161 0.099734 0.033871 0.061170
16 0.490323 0.156915 0.022581 0.053191
16 0.495161 0.114362 0.009677 0.037234
16 0.162097 0.748670 0.040323 0.029255
16 0.587097 0.855053 0.019355 0.018617
16 0.575000 0.718085 0.024194 0.063830
16 0.941129 0.613032 0.033871 0.029255
16 0.466935 0.607713 0.020968 0.050532
16 0.457258 0.470745 0.014516 0.031915
16 0.645161 0.490691 0.016129 0.029255
16 0.340323 0.531915 0.019355 0.026596
17 0.496774 0.073138 0.235484 0.130319
17 0.631452 0.223404 0.050000 0.063830
17 0.547581 0.271277 0.050000 0.079787
17 0.362903 0.287234 0.051613 0.255319
17 0.444355 0.296543 0.095161 0.273936
17 0.319355 0.486702 0.106452 0.079787
17 0.694355 0.478723 0.101613 0.191489
17 0.725000 0.591755 0.056452 0.029255
17 0.854032 0.480053 0.043548 0.034574
17 0.366129 0.117021 0.032258 0.069149
17 0.631452 0.061170 0.027419 0.101064
18 0.287903 0.260638 0.104839 0.058511
16 0.611290 0.805851 0.025806 0.058511
