18 0.119583 0.334722 0.079167 0.061111
18 0.117917 0.422222 0.075833 0.038889
18 0.408333 0.066667 0.008333 0.005556
18 0.435833 0.081250 0.011667 0.012500
18 0.462917 0.091667 0.015833 0.011111
18 0.485833 0.102778 0.006667 0.016667
18 0.508333 0.114583 0.008333 0.006944
18 0.529583 0.127778 0.007500 0.008333
18 0.842083 0.078472 0.012500 0.001389
18 0.374583 0.397917 0.004167 0.054167
18 0.852500 0.099306 0.013333 0.012500
18 0.870000 0.121528 0.006667 0.020833
18 0.853750 0.321528 0.069167 0.062500
18 0.950417 0.310417 0.070833 0.059722
18 0.779583 0.332639 0.027500 0.065278
