18 0.431152 0.582682 0.010742 0.014323
18 0.582520 0.581380 0.008789 0.011719
18 0.201660 0.495443 0.016602 0.014323
18 0.072754 0.140625 0.028320 0.109375
18 0.058105 0.301432 0.008789 0.087240
18 0.062988 0.416667 0.012695 0.065104
18 0.291016 0.152995 0.007812 0.061198
18 0.291016 0.303385 0.007812 0.036458
18 0.419434 0.438802 0.036133 0.041667
18 0.548340 0.439453 0.018555 0.035156
18 0.869629 0.572266 0.006836 0.019531
18 0.897461 0.574219 0.013672 0.015625
18 0.920410 0.568359 0.010742 0.009115
18 0.426270 0.113932 0.010742 0.011719
