18 0.493590 0.178694 0.017094 0.034364
18 0.596154 0.226804 0.021368 0.020619
18 0.388889 0.230241 0.012821 0.020619
18 0.426282 0.558419 0.006410 0.003436
18 0.473291 0.558419 0.010684 0.017182
18 0.809829 0.395189 0.017094 0.006873
18 0.837607 0.515464 0.008547 0.006873
18 0.854701 0.546392 0.008547 0.006873
18 0.824786 0.563574 0.008547 0.006873
18 0.424145 0.707904 0.006410 0.013746
18 0.442308 0.702749 0.004274 0.010309
18 0.464744 0.683849 0.006410 0.006873
18 0.460470 0.706186 0.002137 0.003436
18 0.481838 0.704467 0.006410 0.013746
18 0.505342 0.699313 0.002137 0.010309
