18 0.096923 0.314208 0.021538 0.038251
18 0.114615 0.266393 0.016923 0.030055
18 0.064615 0.439891 0.012308 0.021858
18 0.080769 0.435792 0.007692 0.013661
18 0.465385 0.142077 0.013846 0.021858
18 0.531538 0.080601 0.007692 0.019126
18 0.455385 0.068306 0.012308 0.005464
18 0.751538 0.256831 0.013846 0.021858
18 0.148462 0.169399 0.013846 0.016393
18 0.152308 0.275956 0.012308 0.021858
18 0.236923 0.240437 0.021538 0.021858
18 0.156154 0.460383 0.020000 0.040984
18 0.524615 0.588798 0.036923 0.030055
18 0.544615 0.307377 0.024615 0.013661
18 0.575385 0.244536 0.027692 0.035519
18 0.933846 0.076503 0.030769 0.010929
18 0.976923 0.229508 0.024615 0.021858
18 0.946154 0.232240 0.018462 0.010929
18 0.830769 0.233607 0.018462 0.019126
18 0.823077 0.140710 0.018462 0.013661
