18 0.021354 0.209375 0.034375 0.115625
18 0.152604 0.177344 0.055208 0.098437
18 0.277083 0.336719 0.095833 0.082812
18 0.817708 0.169531 0.331250 0.067187
18 0.881771 0.015625 0.061458 0.028125
18 0.847917 0.307031 0.114583 0.020313
18 0.722396 0.239063 0.140625 0.031250
18 0.958854 0.251563 0.061458 0.059375
18 0.818750 0.396875 0.054167 0.037500
18 0.707812 0.368750 0.046875 0.018750
18 0.955729 0.367969 0.059375 0.014063
18 0.254688 0.132812 0.034375 0.009375
18 0.490625 0.226562 0.014583 0.018750
