18 0.650000 0.183183 0.108000 0.144144
18 0.146000 0.232733 0.060000 0.213213
18 0.142000 0.430931 0.036000 0.081081
18 0.070000 0.463964 0.044000 0.045045
18 0.168000 0.560060 0.036000 0.051051
18 0.495000 0.484985 0.138000 0.069069
18 0.611000 0.394895 0.082000 0.063063
18 0.692000 0.319820 0.084000 0.051051
18 0.243000 0.267267 0.090000 0.060060
18 0.016000 0.399399 0.020000 0.042042
18 0.231000 0.623123 0.026000 0.033033
18 0.409000 0.358859 0.162000 0.069069
18 0.312000 0.504505 0.068000 0.114114
18 0.375000 0.102102 0.170000 0.138138
