18 0.044000 0.643564 0.084000 0.108911
18 0.129000 0.667079 0.078000 0.056931
18 0.194000 0.678218 0.024000 0.066832
18 0.280000 0.677599 0.132000 0.050743
18 0.401000 0.681931 0.094000 0.059406
18 0.535000 0.684406 0.146000 0.059406
18 0.668000 0.674505 0.076000 0.049505
18 0.721000 0.671411 0.030000 0.035891
18 0.850000 0.672030 0.204000 0.108911
18 0.527000 0.619431 0.162000 0.065594
18 0.841000 0.529703 0.042000 0.108911
18 0.931000 0.508045 0.134000 0.065594
18 0.054000 0.375000 0.104000 0.066832
18 0.326000 0.412748 0.144000 0.075495
18 0.480000 0.426980 0.152000 0.059406
