18 0.070378 0.123227 0.029412 0.019504
18 0.252101 0.235816 0.044118 0.031915
18 0.471639 0.045213 0.035714 0.047872
18 0.357668 0.155142 0.030462 0.019504
18 0.473739 0.247340 0.025210 0.026596
18 0.386555 0.296986 0.027311 0.012411
18 0.573529 0.351064 0.014706 0.056738
18 0.623950 0.367021 0.008403 0.074468
18 0.700630 0.433511 0.016807 0.023050
18 0.598214 0.191489 0.034664 0.021277
18 0.454307 0.333333 0.024160 0.021277
18 0.687500 0.313830 0.036765 0.007092
18 0.813025 0.267730 0.010504 0.010638
18 0.697479 0.506206 0.029412 0.019504
18 0.435399 0.508865 0.089286 0.078014
18 0.258403 0.760638 0.067227 0.031915
