18 0.500543 0.180959 0.998913 0.359012
18 0.568478 0.421512 0.863043 0.122093
18 0.746196 0.515988 0.507609 0.066860
18 0.901630 0.578488 0.196739 0.058140
18 0.500543 0.739826 0.998913 0.113372
18 0.160870 0.643169 0.319565 0.074128
18 0.422826 0.645349 0.123913 0.075581
18 0.788043 0.651163 0.415217 0.058140
18 0.057065 0.835029 0.111957 0.079942
18 0.152174 0.808140 0.076087 0.031977
18 0.180978 0.844477 0.057609 0.095930
18 0.245109 0.832849 0.068478 0.072674
18 0.313587 0.827035 0.070652 0.061047
18 0.613587 0.829215 0.525000 0.059593
18 0.678804 0.886628 0.083696 0.046512
18 0.802174 0.869186 0.156522 0.014535
18 0.743478 0.890988 0.036957 0.037791
18 0.071739 0.395349 0.141304 0.063953
