18 0.031000 0.487179 0.006000 0.234432
18 0.052000 0.496337 0.008000 0.208791
18 0.071000 0.510989 0.010000 0.172161
18 0.089000 0.527473 0.010000 0.146520
18 0.036000 0.778388 0.012000 0.032967
18 0.055000 0.767399 0.010000 0.040293
18 0.198000 0.739927 0.012000 0.095238
18 0.185000 0.730769 0.010000 0.069597
18 0.167000 0.723443 0.010000 0.047619
18 0.073000 0.778388 0.010000 0.084249
18 0.090000 0.760073 0.012000 0.062271
18 0.106000 0.741758 0.012000 0.040293
18 0.124000 0.734432 0.012000 0.032967
18 0.270000 0.408425 0.052000 0.282051
18 0.338000 0.391941 0.028000 0.271062
18 0.303000 0.644689 0.106000 0.036630
18 0.267000 0.684982 0.038000 0.021978
18 0.771000 0.591575 0.170000 0.054945
18 0.669000 0.657509 0.030000 0.010989
18 0.637000 0.684982 0.210000 0.021978
18 0.377000 0.976190 0.150000 0.040293
18 0.475000 0.923077 0.294000 0.065934
18 0.551000 0.851648 0.202000 0.062271
18 0.381000 0.857143 0.142000 0.058608
18 0.949000 0.965201 0.026000 0.054945
18 0.960000 0.879121 0.028000 0.021978
18 0.946000 0.804029 0.016000 0.062271
18 0.958000 0.739927 0.016000 0.021978
18 0.939000 0.714286 0.006000 0.029304
18 0.950000 0.661172 0.024000 0.025641
18 0.955000 0.615385 0.010000 0.036630
18 0.959000 0.571429 0.014000 0.021978
18 0.942000 0.549451 0.016000 0.058608
