18 0.342187 0.708333 0.012500 0.027778
18 0.485938 0.704167 0.009375 0.019444
18 0.200781 0.584722 0.042188 0.091667
18 0.035156 0.613889 0.042188 0.144444
18 0.069531 0.597222 0.023438 0.094444
18 0.940625 0.508333 0.021875 0.111111
18 0.631250 0.643056 0.009375 0.002778
18 0.689844 0.643056 0.004687 0.002778
18 0.897656 0.587500 0.014063 0.108333
18 0.264062 0.570833 0.043750 0.102778
18 0.298438 0.581944 0.021875 0.075000
18 0.642188 0.422222 0.009375 0.083333
18 0.592969 0.616667 0.004687 0.005556
18 0.569531 0.623611 0.004687 0.019444
18 0.802344 0.563889 0.010937 0.055556
18 0.796875 0.569444 0.034375 0.044444
