18 0.043000 0.887387 0.082000 0.225225
18 0.071000 0.683183 0.134000 0.183183
18 0.115000 0.800300 0.050000 0.045045
18 0.140000 0.939940 0.104000 0.078078
18 0.243000 0.972973 0.090000 0.036036
18 0.309000 0.945946 0.030000 0.030030
18 0.172000 0.678679 0.060000 0.156156
18 0.235000 0.696697 0.062000 0.090090
18 0.810000 0.938438 0.040000 0.015015
18 0.793000 0.971471 0.034000 0.033033
18 0.626000 0.702703 0.016000 0.048048
18 0.672000 0.734234 0.072000 0.087087
18 0.351000 0.921922 0.038000 0.018018
18 0.381000 0.896396 0.034000 0.009009
18 0.409000 0.875375 0.018000 0.033033
18 0.435000 0.851351 0.022000 0.027027
18 0.468000 0.819820 0.024000 0.024024
