18 0.182500 0.132000 0.145000 0.098667
18 0.610000 0.149333 0.106667 0.090667
18 0.758333 0.140000 0.150000 0.082667
18 0.933333 0.122667 0.133333 0.080000
18 0.753333 0.329333 0.103333 0.253333
18 0.424167 0.702667 0.035000 0.040000
18 0.461667 0.722667 0.030000 0.053333
18 0.515000 0.737333 0.056667 0.056000
18 0.574167 0.757333 0.051667 0.053333
18 0.654167 0.785333 0.101667 0.077333
18 0.300000 0.413333 0.016667 0.128000
18 0.281667 0.396000 0.006667 0.104000
18 0.188333 0.037333 0.020000 0.010667
