18 0.500679 0.190816 0.998641 0.373469
18 0.492527 0.670408 0.006793 0.010204
18 0.687500 0.680612 0.111413 0.042857
18 0.568614 0.424490 0.012228 0.020408
18 0.563179 0.778571 0.017663 0.153061
18 0.025815 0.602041 0.010870 0.024490
18 0.927310 0.612245 0.009511 0.028571
18 0.343750 0.594898 0.059783 0.055102
18 0.742527 0.577551 0.025815 0.077551
18 0.085598 0.566327 0.092391 0.030612
18 0.584239 0.590816 0.029891 0.063265
18 0.652174 0.580612 0.016304 0.042857
18 0.692255 0.570408 0.017663 0.063265
18 0.150136 0.539796 0.039402 0.079592
18 0.189538 0.532653 0.036685 0.089796
18 0.158967 0.814286 0.054348 0.077551
18 0.014266 0.762245 0.025815 0.091837
18 0.620245 0.861224 0.036685 0.151020
18 0.713995 0.813265 0.028533 0.108163
18 0.491168 0.754082 0.028533 0.100000
