16 0.110417 0.300539 0.001389 0.013477
16 0.128472 0.277628 0.009722 0.021563
16 0.146528 0.309973 0.018056 0.016173
16 0.409722 0.540431 0.005556 0.018868
16 0.463889 0.543127 0.002778 0.013477
16 0.438194 0.343666 0.006944 0.008086
16 0.443056 0.327493 0.011111 0.008086
16 0.447917 0.349057 0.006944 0.002695
16 0.684028 0.103774 0.018056 0.013477
16 0.702083 0.075472 0.006944 0.005391
16 0.785417 0.056604 0.006944 0.005391
16 0.790972 0.083558 0.006944 0.016173
16 0.810417 0.101078 0.012500 0.013477
16 0.495833 0.459569 0.008333 0.002695
16 0.734722 0.477089 0.008333 0.005391
16 0.753472 0.483827 0.006944 0.008086
16 0.788889 0.482480 0.011111 0.005391
16 0.809028 0.487871 0.009722 0.005391
16 0.834028 0.264151 0.006944 0.010782
16 0.839583 0.265499 0.015278 0.013477
16 0.866667 0.262803 0.013889 0.008086
16 0.890972 0.260108 0.020833 0.013477
16 0.026389 0.490566 0.005556 0.016173
