18 0.080566 0.485905 0.043945 0.126113
18 0.246582 0.708457 0.040039 0.176558
18 0.028320 0.682493 0.015625 0.032641
18 0.204102 0.686202 0.009766 0.037092
18 0.164551 0.493323 0.043945 0.120178
18 0.680176 0.734421 0.022461 0.029674
18 0.461426 0.391691 0.030273 0.068249
18 0.415039 0.373887 0.035156 0.071217
18 0.414551 0.279674 0.034180 0.057864
18 0.460449 0.305638 0.030273 0.074184
18 0.506348 0.315282 0.036133 0.057864
18 0.506348 0.398368 0.030273 0.063798
18 0.303711 0.711424 0.035156 0.167656
18 0.670898 0.804154 0.017578 0.020772
18 0.730469 0.795252 0.023438 0.014837
18 0.704590 0.756677 0.034180 0.017804
18 0.817383 0.732196 0.035156 0.045994
18 0.964355 0.740356 0.016602 0.017804
18 0.309082 0.148368 0.026367 0.047478
18 0.554688 0.288576 0.025391 0.054896
18 0.562012 0.566766 0.026367 0.089021
18 0.594238 0.572700 0.030273 0.094955
18 0.625488 0.577151 0.028320 0.089021
18 0.662598 0.621662 0.022461 0.065282
18 0.698242 0.619436 0.025391 0.048961
18 0.721191 0.626855 0.018555 0.048961
18 0.348145 0.659496 0.030273 0.066766
18 0.566895 0.721068 0.030273 0.124629
18 0.599121 0.723294 0.032227 0.137982
18 0.630371 0.730712 0.028320 0.137982
18 0.864746 0.993323 0.020508 0.007418
