18 0.159306 0.756881 0.164038 0.013761
18 0.469243 0.864679 0.014196 0.009174
18 0.586751 0.896789 0.053628 0.022936
18 0.662461 0.862385 0.053628 0.018349
18 0.365142 0.855505 0.011041 0.009174
18 0.425079 0.887615 0.014196 0.009174
18 0.696372 0.363532 0.152997 0.066514
18 0.631703 0.439220 0.039432 0.048165
18 0.690063 0.551606 0.099369 0.135321
18 0.663249 0.645642 0.118297 0.094037
18 0.672713 0.410550 0.124606 0.022936
18 0.539432 0.169725 0.170347 0.220183
18 0.838328 0.814220 0.212934 0.032110
