18 0.703571 0.346567 0.007143 0.070815
18 0.805714 0.444206 0.171429 0.120172
18 0.812143 0.377682 0.135714 0.008584
18 0.400000 0.049356 0.017143 0.034335
18 0.695714 0.162017 0.008571 0.015021
18 0.783571 0.694206 0.030000 0.070815
18 0.735714 0.656652 0.020000 0.145923
18 0.835000 0.669528 0.035714 0.115880
18 0.895000 0.644850 0.012857 0.148069
18 0.372857 0.874464 0.008571 0.023605
18 0.384286 0.878755 0.011429 0.027897
18 0.415714 0.806867 0.008571 0.030043
18 0.092143 0.461373 0.058571 0.270386
18 0.385000 0.569742 0.038571 0.070815
18 0.777857 0.282189 0.012857 0.010730
