18 0.386111 0.727273 0.064815 0.039773
18 0.468519 0.737216 0.040741 0.071023
18 0.256481 0.762784 0.020370 0.088068
18 0.271296 0.727273 0.046296 0.028409
18 0.508333 0.711648 0.024074 0.042614
18 0.506481 0.752841 0.016667 0.028409
18 0.623148 0.774148 0.012963 0.008523
18 0.590741 0.778409 0.011111 0.005682
18 0.675000 0.778409 0.009259 0.011364
18 0.724074 0.774148 0.011111 0.014205
18 0.937037 0.392045 0.040741 0.079545
18 0.979630 0.373580 0.040741 0.082386
18 0.283333 0.220170 0.011111 0.076705
18 0.450926 0.254261 0.009259 0.071023
18 0.463889 0.265625 0.009259 0.071023
18 0.471296 0.274148 0.005556 0.059659
18 0.633333 0.647727 0.033333 0.022727
18 0.632407 0.609375 0.020370 0.025568
18 0.627778 0.565341 0.029630 0.022727
18 0.662963 0.563920 0.018519 0.025568
18 0.170370 0.613636 0.011111 0.022727
18 0.358333 0.552557 0.009259 0.025568
18 0.636111 0.525568 0.046296 0.028409
18 0.969444 0.620739 0.031481 0.025568
18 0.982407 0.671875 0.035185 0.031250
