18 0.476293 0.593915 0.008621 0.013228
18 0.475216 0.683862 0.006466 0.002646
18 0.397629 0.694444 0.015086 0.018519
18 0.442888 0.687831 0.006466 0.010582
18 0.331897 0.279101 0.017241 0.034392
18 0.231681 0.477513 0.092672 0.018519
18 0.873922 0.500000 0.040948 0.015873
18 0.081897 0.493386 0.017241 0.023810
18 0.384698 0.961640 0.028017 0.034392
18 0.609914 0.822751 0.017241 0.015873
18 0.502155 0.595238 0.008621 0.010582
18 0.536638 0.599206 0.012931 0.018519
18 0.562500 0.597884 0.012931 0.021164
18 0.579741 0.599206 0.008621 0.002646
18 0.756466 0.760582 0.017241 0.007937
18 0.973060 0.513228 0.019397 0.047619
18 0.006466 0.484127 0.008621 0.074074
18 0.137931 0.484127 0.060345 0.052910
18 0.524784 0.473545 0.071121 0.026455
18 0.812500 0.525132 0.068966 0.029101
18 0.779095 0.474868 0.053879 0.023810
18 0.912716 0.708995 0.015086 0.010582
18 0.292026 0.363757 0.045259 0.018519
18 0.246767 0.359788 0.045259 0.010582
18 0.520474 0.398148 0.028017 0.050265
18 0.409483 0.476190 0.034483 0.015873
18 0.795259 0.420635 0.025862 0.031746
18 0.296336 0.275132 0.053879 0.021164
18 0.740302 0.489418 0.019397 0.026455
18 0.186422 0.625661 0.015086 0.013228
18 0.135776 0.625661 0.012931 0.007937
18 0.823276 0.428571 0.012931 0.015873
18 0.970905 0.373016 0.010776 0.037037
18 0.313578 0.723545 0.019397 0.039683
18 0.858836 0.562169 0.028017 0.013228
18 0.665948 0.802910 0.017241 0.007937
18 0.432112 0.654762 0.075431 0.023810
18 0.243534 0.646825 0.064655 0.023810
18 0.755388 0.857143 0.006466 0.010582
18 0.724138 0.515873 0.021552 0.021164
