18 0.160000 0.441441 0.312000 0.210210
18 0.031000 0.297297 0.058000 0.072072
18 0.115000 0.315315 0.110000 0.042042
18 0.200000 0.319820 0.048000 0.033033
18 0.047000 0.587087 0.086000 0.081081
18 0.029000 0.660661 0.050000 0.054054
18 0.802000 0.390390 0.076000 0.132132
18 0.907000 0.385886 0.090000 0.141141
18 0.803000 0.629129 0.078000 0.135135
18 0.906000 0.638138 0.092000 0.147147
18 0.803000 0.509009 0.082000 0.039039
18 0.909000 0.510511 0.094000 0.042042
18 0.803000 0.545045 0.082000 0.021021
18 0.907000 0.475976 0.098000 0.015015
18 0.908000 0.543544 0.096000 0.018018
