18 0.026415 0.260613 0.022642 0.068396
18 0.049057 0.280660 0.015094 0.051887
18 0.407547 0.316038 0.056604 0.051887
18 0.471698 0.314858 0.049057 0.035377
18 0.566981 0.367925 0.084906 0.066038
18 0.733019 0.310142 0.066038 0.035377
18 0.814151 0.301887 0.069811 0.042453
18 0.830189 0.274764 0.033962 0.021226
18 0.569811 0.634434 0.030189 0.009434
18 0.616981 0.622642 0.049057 0.028302
18 0.975472 0.897406 0.049057 0.044811
18 0.188679 0.265330 0.075472 0.106132
18 0.274528 0.239387 0.066038 0.011792
18 0.290566 0.287736 0.033962 0.066038
18 0.293396 0.399764 0.032075 0.063679
18 0.213208 0.373821 0.022642 0.106132
18 0.254717 0.390330 0.026415 0.077830
18 0.204717 0.134434 0.039623 0.061321
18 0.235849 0.141509 0.000000 0.075472
18 0.263208 0.142689 0.024528 0.077830
18 0.291509 0.180425 0.043396 0.040094
18 0.183962 0.165094 0.047170 0.056604
