18 0.125833 0.527778 0.008333 0.073333
18 0.135833 0.510000 0.008333 0.108889
18 0.149167 0.492222 0.008333 0.126667
18 0.025000 0.837778 0.046667 0.044444
18 0.352500 0.806667 0.145000 0.053333
18 0.396667 0.846667 0.080000 0.031111
18 0.787500 0.964444 0.425000 0.062222
18 0.023333 0.794444 0.043333 0.033333
18 0.097500 0.792222 0.075000 0.028889
18 0.392500 0.506667 0.035000 0.035556
18 0.500000 0.847778 0.016667 0.042222
18 0.516667 0.846667 0.006667 0.022222
18 0.655833 0.406667 0.011667 0.182222
