18 0.260000 0.112601 0.033333 0.193029
18 0.100000 0.453083 0.086667 0.037534
18 0.218333 0.533512 0.123333 0.058981
18 0.360000 0.652815 0.170000 0.061662
18 0.675000 0.710456 0.176667 0.075067
18 0.571667 0.553619 0.140000 0.040214
18 0.408333 0.471850 0.093333 0.032172
18 0.145000 0.403485 0.096667 0.018767
18 0.041667 0.895442 0.080000 0.069705
18 0.016667 0.672922 0.030000 0.048257
18 0.819167 0.146113 0.088333 0.286863
18 0.483333 0.128686 0.050000 0.209115
18 0.624167 0.127346 0.068333 0.243968
18 0.490833 0.750670 0.218333 0.085791
18 0.722500 0.612601 0.148333 0.099196
