18 0.133077 0.043121 0.020000 0.024641
18 0.271538 0.155031 0.013846 0.018480
18 0.356154 0.224846 0.020000 0.018480
18 0.411538 0.272074 0.013846 0.006160
18 0.453077 0.310062 0.007692 0.016427
18 0.486923 0.337782 0.001538 0.026694
18 0.866154 0.068789 0.021538 0.030801
18 0.833077 0.172485 0.010769 0.016427
18 0.808462 0.236140 0.016923 0.016427
18 0.791538 0.280287 0.013846 0.018480
18 0.779231 0.310062 0.007692 0.016427
18 0.770769 0.334702 0.009231 0.012320
18 0.686154 0.360370 0.003077 0.026694
18 0.594615 0.361396 0.004615 0.016427
18 0.508462 0.347023 0.016923 0.016427
18 0.931538 0.335729 0.020000 0.223819
18 0.986923 0.145791 0.016923 0.028747
18 0.960000 0.182752 0.058462 0.069815
18 0.517692 0.450719 0.063077 0.002053
18 0.793077 0.687885 0.155385 0.094456
18 0.495385 0.654004 0.055385 0.154004
18 0.232308 0.618070 0.132308 0.036961
18 0.125385 0.259754 0.007692 0.006160
18 0.216154 0.299795 0.010769 0.004107
18 0.118462 0.364476 0.012308 0.018480
18 0.920000 0.744353 0.046154 0.006160
18 0.960769 0.756674 0.035385 0.030801
