18 0.380682 0.104706 0.014610 0.044706
18 0.454545 0.128235 0.019481 0.049412
18 0.329545 0.112941 0.009740 0.032941
18 0.509740 0.141176 0.016234 0.042353
18 0.560065 0.152941 0.009740 0.037647
18 0.717532 0.202353 0.006494 0.018824
18 0.700487 0.211765 0.004870 0.028235
18 0.747565 0.212941 0.011364 0.025882
18 0.772727 0.218824 0.009740 0.023529
18 0.797078 0.225882 0.012987 0.023529
18 0.799513 0.198824 0.001623 0.021176
18 0.727273 0.165882 0.009740 0.021176
18 0.576299 0.145882 0.009740 0.023529
18 0.609578 0.129412 0.008117 0.018824
18 0.396916 0.045882 0.011364 0.040000
18 0.458604 0.063529 0.021104 0.028235
18 0.460227 0.407059 0.008117 0.014118
18 0.158279 0.544706 0.021104 0.035294
