18 0.502577 0.363553 0.207216 0.038462
18 0.663918 0.388278 0.006186 0.032967
18 0.328351 0.396520 0.007216 0.049451
18 0.337629 0.394689 0.005155 0.034799
18 0.109278 0.439560 0.051546 0.047619
18 0.672165 0.387363 0.006186 0.034799
18 0.754639 0.462454 0.024742 0.258242
18 0.031443 0.125458 0.021649 0.012821
18 0.103093 0.181319 0.014433 0.014652
18 0.427320 0.256410 0.011340 0.007326
18 0.489175 0.255495 0.011340 0.009158
18 0.554124 0.257326 0.015464 0.009158
18 0.492268 0.290293 0.009278 0.031136
18 0.432474 0.284799 0.013402 0.012821
18 0.544330 0.283883 0.004124 0.010989
