18 0.035625 0.703333 0.063750 0.223333
18 0.121250 0.752500 0.085000 0.148333
18 0.220000 0.755833 0.062500 0.125000
18 0.277500 0.777500 0.032500 0.105000
18 0.271250 0.666667 0.062500 0.113333
18 0.683750 0.647500 0.327500 0.348333
18 0.413750 0.587500 0.147500 0.088333
18 0.400625 0.785833 0.173750 0.095000
18 0.431250 0.664167 0.127500 0.055000
18 0.437500 0.720000 0.112500 0.056667
18 0.931875 0.684167 0.136250 0.271667
18 0.941875 0.885000 0.113750 0.110000
18 0.402500 0.872500 0.182500 0.061667
18 0.233125 0.871667 0.096250 0.076667
18 0.120625 0.885000 0.068750 0.116667
18 0.029375 0.889167 0.056250 0.105000
