18 0.277397 0.085616 0.283105 0.013699
18 0.406393 0.118151 0.022831 0.226027
18 0.267694 0.209760 0.281963 0.005137
18 0.202626 0.196062 0.021689 0.032534
18 0.235160 0.238870 0.038813 0.053082
18 0.791667 0.380993 0.012557 0.029110
18 0.906963 0.372432 0.030822 0.042808
18 0.681507 0.028253 0.041096 0.053082
18 0.629566 0.164384 0.046804 0.054795
18 0.595320 0.139555 0.366438 0.008562
18 0.282534 0.302226 0.110731 0.001712
18 0.325913 0.325342 0.128995 0.003425
18 0.428653 0.279110 0.195205 0.003425
18 0.306507 0.339041 0.074201 0.006849
18 0.466895 0.317637 0.143836 0.005137
18 0.454909 0.337329 0.126712 0.003425
