0 0.062500 0.153620 0.049479 0.072407
0 0.124349 0.219178 0.055990 0.066536
0 0.179688 0.272994 0.036458 0.056751
0 0.295573 0.394325 0.085938 0.103718
0 0.387370 0.457926 0.095052 0.148728
0 0.119792 0.697652 0.083333 0.307241
0 0.278646 0.638943 0.072917 0.123288
0 0.352865 0.677104 0.023438 0.101761
0 0.406901 0.664384 0.076823 0.197652
0 0.603516 0.394325 0.266927 0.115460
0 0.656250 0.549902 0.325521 0.097847
0 0.817708 0.649706 0.054688 0.078278
0 0.892578 0.725049 0.173177 0.424658
0 0.835286 0.941292 0.139323 0.101761
0 0.539714 0.836595 0.087240 0.080235
0 0.212891 0.686888 0.074219 0.046967
0 0.208333 0.402153 0.020833 0.068493
