0 0.173437 0.407494 0.031250 0.042155
0 0.244531 0.413349 0.035937 0.039813
0 0.335156 0.420375 0.032813 0.039813
0 0.388281 0.421546 0.026562 0.032787
0 0.487500 0.139344 0.209375 0.180328
0 0.357031 0.307963 0.085938 0.077283
0 0.682031 0.238876 0.176563 0.103044
0 0.509375 0.332553 0.103125 0.046838
0 0.185156 0.204918 0.035937 0.049180
0 0.190625 0.289227 0.031250 0.025761
0 0.194531 0.341920 0.020313 0.023419
0 0.101562 0.399297 0.034375 0.049180
0 0.171875 0.012881 0.043750 0.021077
0 0.981250 0.110070 0.037500 0.056206
0 0.806250 0.293911 0.021875 0.021077
0 0.442969 0.399297 0.014063 0.086651
0 0.335938 0.361827 0.018750 0.016393
0 0.521875 0.418033 0.053125 0.035129
