18 0.159688 0.354326 0.029375 0.059796
18 0.232500 0.362595 0.028750 0.068702
18 0.297500 0.365140 0.030000 0.063613
18 0.325313 0.413486 0.015625 0.038168
18 0.347500 0.409669 0.011250 0.033079
18 0.372188 0.412850 0.016875 0.034351
18 0.225312 0.087786 0.068125 0.063613
18 0.088438 0.272901 0.046875 0.044529
18 0.508125 0.040712 0.086250 0.053435
18 0.490625 0.206743 0.051250 0.031807
18 0.488125 0.274809 0.041250 0.025445
18 0.486563 0.318702 0.035625 0.008906
18 0.481875 0.342239 0.021250 0.010178
18 0.685625 0.280534 0.033750 0.031807
18 0.771563 0.209288 0.050625 0.047074
18 0.966875 0.045802 0.066250 0.063613
18 0.897188 0.423028 0.019375 0.235369
18 0.722500 0.435115 0.015000 0.139949
18 0.837187 0.437659 0.016875 0.198473
18 0.989375 0.416667 0.021250 0.240458
18 0.754375 0.438931 0.013750 0.160305
18 0.700313 0.436387 0.016875 0.114504
18 0.680312 0.435751 0.014375 0.100509
