18 0.567871 0.500000 0.030273 0.062500
18 0.232422 0.546875 0.017578 0.049479
18 0.744141 0.516276 0.029297 0.029948
18 0.287598 0.682292 0.022461 0.018229
18 0.325684 0.668620 0.032227 0.022135
18 0.425293 0.680339 0.016602 0.016927
18 0.510254 0.675130 0.016602 0.014323
18 0.578125 0.669271 0.009766 0.023438
18 0.366211 0.637370 0.017578 0.040365
18 0.845215 0.673828 0.024414 0.022135
18 0.754395 0.669922 0.012695 0.014323
18 0.928223 0.669271 0.016602 0.015625
18 0.865723 0.538411 0.024414 0.050781
