18 0.922917 0.525000 0.065833 0.043333
18 0.921250 0.626667 0.064167 0.050000
18 0.014583 0.506667 0.022500 0.056667
18 0.187500 0.470833 0.010000 0.015000
18 0.189167 0.505000 0.015000 0.023333
18 0.057083 0.432500 0.014167 0.028333
18 0.440833 0.547500 0.030000 0.035000
18 0.520833 0.499167 0.010000 0.045000
18 0.166667 0.505833 0.011667 0.018333
18 0.318750 0.537500 0.019167 0.018333
18 0.349167 0.542500 0.023333 0.021667
18 0.629583 0.541667 0.015833 0.023333
18 0.687917 0.539167 0.029167 0.028333
18 0.646667 0.542500 0.010000 0.021667
18 0.776667 0.540000 0.025000 0.020000
18 0.278750 0.400833 0.019167 0.018333
18 0.843333 0.357500 0.008333 0.021667
18 0.923750 0.276667 0.022500 0.016667
18 0.426667 0.419167 0.011667 0.021667
18 0.335000 0.643333 0.048333 0.093333
18 0.187083 0.640000 0.010833 0.103333
18 0.612500 0.705000 0.006667 0.070000
18 0.814583 0.704167 0.009167 0.128333
18 0.920833 0.875833 0.016667 0.065000
18 0.979583 0.647500 0.007500 0.068333
18 0.012500 0.615833 0.023333 0.071667
18 0.780833 0.635833 0.016667 0.065000
18 0.092500 0.628333 0.018333 0.063333
18 0.728750 0.346667 0.012500 0.023333
18 0.776667 0.341667 0.011667 0.023333
18 0.088750 0.403333 0.009167 0.013333
18 0.098333 0.383333 0.008333 0.013333
18 0.163333 0.417500 0.005000 0.021667
