18 0.006250 0.164000 0.007500 0.072000
18 0.092500 0.158000 0.020000 0.020000
18 0.227500 0.142000 0.020000 0.020000
18 0.370000 0.126000 0.020000 0.020000
18 0.523750 0.106000 0.017500 0.020000
18 0.688750 0.090000 0.022500 0.028000
18 0.865000 0.070000 0.020000 0.012000
18 0.968750 0.162000 0.017500 0.012000
18 0.905000 0.240000 0.015000 0.016000
18 0.866250 0.290000 0.017500 0.020000
18 0.872500 0.374000 0.010000 0.028000
18 0.293750 0.512000 0.007500 0.016000
18 0.182500 0.232000 0.020000 0.024000
18 0.253750 0.288000 0.012500 0.016000
18 0.622500 0.246000 0.020000 0.028000
18 0.541250 0.518000 0.012500 0.020000
18 0.437500 0.716000 0.010000 0.040000
18 0.438750 0.792000 0.017500 0.048000
