18 0.667213 0.539024 0.042623 0.029268
18 0.736066 0.537805 0.032787 0.021951
18 0.259836 0.539024 0.168852 0.024390
18 0.488525 0.452439 0.022951 0.036585
18 0.246721 0.197561 0.077049 0.019512
18 0.630328 0.203659 0.037705 0.026829
18 0.810656 0.450000 0.021311 0.036585
18 0.166393 0.453659 0.021311 0.029268
18 0.272951 0.462195 0.018033 0.021951
18 0.386066 0.460976 0.027869 0.029268
18 0.397541 0.541463 0.080328 0.029268
18 0.130328 0.124390 0.018033 0.019512
18 0.418852 0.129268 0.018033 0.014634
18 0.702459 0.126829 0.014754 0.024390
18 0.595082 0.459756 0.022951 0.021951
18 0.331148 0.019512 0.022951 0.034146
18 0.916393 0.017073 0.013115 0.024390
