18 0.488333 0.198750 0.036667 0.032500
18 0.871667 0.402500 0.033333 0.015000
18 0.912500 0.401250 0.021667 0.022500
18 0.959167 0.401250 0.041667 0.012500
18 0.014167 0.441250 0.021667 0.027500
18 0.047500 0.442500 0.028333 0.025000
18 0.104167 0.435000 0.048333 0.020000
18 0.052500 0.485000 0.011667 0.025000
18 0.106667 0.480000 0.013333 0.025000
18 0.164167 0.473750 0.008333 0.027500
18 0.386667 0.393750 0.016667 0.017500
18 0.384167 0.450000 0.008333 0.020000
18 0.449167 0.443750 0.011667 0.022500
18 0.451667 0.388750 0.020000 0.017500
18 0.514167 0.437500 0.015000 0.015000
18 0.586667 0.436250 0.020000 0.032500
18 0.519167 0.381250 0.025000 0.012500
18 0.590000 0.378750 0.013333 0.012500
18 0.733333 0.363750 0.030000 0.017500
18 0.650000 0.481250 0.020000 0.047500
18 0.512500 0.623750 0.011667 0.027500
