18 0.486250 0.758333 0.102500 0.063333
18 0.126250 0.985000 0.032500 0.030000
18 0.205000 0.961667 0.020000 0.023333
18 0.253750 0.943333 0.017500 0.033333
18 0.290000 0.943333 0.015000 0.013333
18 0.312500 0.936667 0.010000 0.020000
18 0.336250 0.988333 0.022500 0.023333
18 0.328750 0.923333 0.012500 0.013333
18 0.342500 0.915000 0.010000 0.016667
18 0.366250 0.956667 0.022500 0.026667
18 0.385000 0.945000 0.005000 0.016667
18 0.403750 0.933333 0.017500 0.013333
18 0.413750 0.920000 0.007500 0.013333
18 0.548750 0.986667 0.027500 0.020000
18 0.490000 0.836667 0.100000 0.026667
18 0.528750 0.950000 0.017500 0.026667
18 0.513750 0.940000 0.007500 0.026667
18 0.491250 0.921667 0.022500 0.030000
18 0.556250 0.920000 0.007500 0.013333
18 0.573750 0.923333 0.017500 0.013333
18 0.591250 0.930000 0.007500 0.013333
18 0.607500 0.935000 0.010000 0.016667
18 0.643750 0.938333 0.017500 0.023333
18 0.690000 0.946667 0.020000 0.026667
18 0.773750 0.986667 0.037500 0.026667
