18 0.760833 0.583333 0.018333 0.028889
18 0.970833 0.584444 0.011667 0.022222
18 0.880000 0.508889 0.010000 0.013333
18 0.870000 0.538889 0.013333 0.015556
18 0.895000 0.541111 0.013333 0.011111
18 0.052500 0.502222 0.005000 0.026667
18 0.023333 0.496667 0.016667 0.024444
18 0.099167 0.596667 0.015000 0.020000
18 0.056667 0.590000 0.020000 0.024444
18 0.319167 0.587778 0.041667 0.020000
18 0.144167 0.605556 0.011667 0.024444
18 0.166667 0.606667 0.006667 0.013333
18 0.261667 0.516667 0.056667 0.020000
18 0.200833 0.610000 0.008333 0.011111
18 0.220000 0.606667 0.006667 0.017778
18 0.235833 0.601111 0.011667 0.011111
18 0.260833 0.596667 0.015000 0.011111
18 0.280000 0.588889 0.013333 0.022222
18 0.719167 0.417778 0.005000 0.017778
18 0.333333 0.752222 0.050000 0.180000
