18 0.058792 0.497577 0.009709 0.113086
18 0.142395 0.068659 0.025890 0.017771
18 0.207659 0.005654 0.029126 0.008078
18 0.304746 0.142165 0.020496 0.019386
18 0.382416 0.100162 0.018339 0.022617
18 0.414239 0.194669 0.015102 0.021002
18 0.529126 0.011309 0.035599 0.019386
18 0.490291 0.163166 0.018339 0.016155
18 0.496764 0.230210 0.016181 0.014540
18 0.628371 0.105008 0.018339 0.025848
18 0.749730 0.057351 0.023732 0.024233
18 0.804207 0.136511 0.022654 0.021002
18 0.944984 0.033118 0.028047 0.063005
18 0.483819 0.495153 0.029126 0.030695
18 0.525351 0.498384 0.034520 0.033926
18 0.666127 0.466882 0.011866 0.029079
18 0.584142 0.488691 0.033441 0.037157
18 0.627832 0.488691 0.034520 0.033926
18 0.866235 0.498384 0.034520 0.033926
18 0.784250 0.490307 0.034520 0.033926
