18 0.204386 0.023560 0.015789 0.026178
18 0.502632 0.235602 0.029825 0.078534
18 0.590351 0.277487 0.029825 0.068063
18 0.681579 0.310209 0.026316 0.049738
18 0.740351 0.328534 0.028070 0.044503
18 0.843860 0.367801 0.028070 0.034031
18 0.876316 0.379581 0.015789 0.031414
18 0.910526 0.392670 0.017544 0.026178
18 0.930702 0.397906 0.015789 0.026178
18 0.637719 0.421466 0.012281 0.015707
18 0.674561 0.422775 0.015789 0.023560
18 0.714912 0.430628 0.015789 0.018325
18 0.738596 0.433246 0.007018 0.013089
18 0.575439 0.435864 0.010526 0.023560
18 0.607018 0.438482 0.014035 0.013089
