18 0.217125 0.083553 0.042813 0.035526
18 0.147936 0.240132 0.028287 0.025000
18 0.092890 0.401974 0.043578 0.040789
18 0.204511 0.509211 0.032875 0.034211
18 0.661315 0.595395 0.039755 0.082895
18 0.113914 0.353289 0.012232 0.011842
18 0.232416 0.358553 0.007645 0.011842
18 0.176223 0.359868 0.012997 0.027632
18 0.362003 0.350000 0.066514 0.071053
18 0.591743 0.423684 0.022936 0.155263
18 0.501147 0.442105 0.034404 0.160526
18 0.750000 0.335526 0.088685 0.044737
18 0.880734 0.325000 0.119266 0.044737
