18 0.350556 0.663000 0.021111 0.014000
18 0.397778 0.664000 0.028889 0.020000
18 0.350000 0.739000 0.031111 0.018000
18 0.396667 0.739000 0.022222 0.018000
18 0.086667 0.647000 0.020000 0.014000
18 0.128889 0.648000 0.015556 0.016000
18 0.083333 0.732000 0.024444 0.008000
18 0.122778 0.732000 0.021111 0.016000
18 0.072778 0.833000 0.021111 0.018000
18 0.114444 0.837000 0.015556 0.018000
18 0.344444 0.847000 0.015556 0.018000
18 0.395000 0.848000 0.023333 0.012000
18 0.362222 0.882000 0.126667 0.016000
18 0.522222 0.883000 0.177778 0.018000
18 0.188333 0.688000 0.038889 0.016000
18 0.497778 0.173000 0.993333 0.282000
