18 0.008594 0.500000 0.004687 0.005000
18 0.883594 0.451250 0.023438 0.022500
18 0.784375 0.455000 0.012500 0.020000
18 0.642969 0.463750 0.010937 0.017500
18 0.550781 0.467500 0.014063 0.020000
18 0.477344 0.470000 0.014063 0.025000
18 0.409375 0.473750 0.012500 0.017500
18 0.354687 0.482500 0.012500 0.015000
18 0.300000 0.485000 0.012500 0.020000
18 0.259375 0.488750 0.012500 0.012500
18 0.222656 0.488750 0.010937 0.012500
18 0.189844 0.487500 0.007812 0.010000
18 0.165625 0.490000 0.009375 0.005000
18 0.035156 0.505000 0.010937 0.010000
18 0.064062 0.501250 0.012500 0.007500
18 0.084375 0.495000 0.009375 0.010000
18 0.105469 0.492500 0.007812 0.005000
18 0.126562 0.491250 0.009375 0.017500
18 0.144531 0.491250 0.007812 0.012500
18 0.595313 0.582500 0.075000 0.025000
18 0.386719 0.541250 0.042188 0.017500
18 0.443750 0.552500 0.050000 0.015000
18 0.280469 0.528750 0.029687 0.012500
18 0.240625 0.528750 0.031250 0.007500
18 0.527344 0.566250 0.035937 0.017500
18 0.323437 0.535000 0.034375 0.010000
18 0.357031 0.662500 0.007812 0.010000
18 0.375000 0.661250 0.006250 0.012500
18 0.425781 0.765000 0.004687 0.005000
18 0.474219 0.776250 0.017188 0.017500
