18 0.415556 0.090625 0.048889 0.025000
18 0.641111 0.201563 0.037778 0.021875
18 0.774444 0.265625 0.028889 0.018750
18 0.857778 0.310937 0.026667 0.021875
18 0.917778 0.340625 0.013333 0.012500
18 0.963333 0.367188 0.015556 0.009375
18 0.021111 0.414062 0.037778 0.115625
18 0.095556 0.403125 0.080000 0.081250
18 0.196667 0.428125 0.055556 0.100000
18 0.343333 0.440625 0.046667 0.087500
18 0.463333 0.448437 0.024444 0.071875
18 0.297778 0.437500 0.022222 0.081250
18 0.050000 0.864062 0.073333 0.009375
18 0.071111 0.770312 0.097778 0.021875
18 0.220000 0.807813 0.062222 0.009375
18 0.505556 0.712500 0.060000 0.031250
18 0.986667 0.153125 0.022222 0.018750
18 0.420000 0.445312 0.013333 0.078125
18 0.897778 0.010937 0.057778 0.009375
