18 0.163750 0.198810 0.016667 0.003131
18 0.264375 0.157170 0.019583 0.006262
18 0.300625 0.171572 0.017083 0.007514
18 0.343333 0.197558 0.020833 0.005636
18 0.233333 0.224796 0.015000 0.005009
18 0.135000 0.254540 0.010833 0.004383
18 0.177083 0.246713 0.010000 0.006262
18 0.394375 0.168128 0.015417 0.004383
18 0.272708 0.220413 0.014583 0.005009
18 0.312917 0.221979 0.015833 0.008140
18 0.661250 0.150282 0.095000 0.043832
18 0.565625 0.169693 0.034583 0.043832
18 0.770417 0.113024 0.041667 0.051972
18 0.250625 0.269568 0.017917 0.055729
18 0.440625 0.193488 0.018750 0.057608
18 0.362083 0.236068 0.019167 0.036318
18 0.215833 0.214152 0.005833 0.007514
18 0.208750 0.178773 0.015833 0.004383
