18 0.349462 0.204819 0.268817 0.086059
18 0.691935 0.165232 0.231183 0.086059
18 0.966129 0.074010 0.050538 0.130809
18 0.867742 0.159208 0.038710 0.077453
18 0.938172 0.349398 0.117204 0.086059
18 0.519892 0.031842 0.353763 0.053356
18 0.045161 0.240103 0.058065 0.098107
18 0.143011 0.246988 0.055914 0.104991
18 0.233871 0.074871 0.140860 0.091222
18 0.489247 0.364888 0.270968 0.072289
18 0.850000 0.356282 0.033333 0.037866
18 0.960215 0.235800 0.066667 0.117040
18 0.748925 0.271084 0.050538 0.049914
