18 0.352500 0.161667 0.028333 0.026667
18 0.081667 0.620000 0.016667 0.056667
18 0.150833 0.612500 0.011667 0.048333
18 0.733333 0.553333 0.010000 0.030000
18 0.797500 0.532500 0.008333 0.028333
18 0.226667 0.601667 0.063333 0.010000
18 0.319167 0.590833 0.081667 0.008333
18 0.655000 0.571667 0.006667 0.010000
18 0.684167 0.566667 0.008333 0.010000
18 0.708333 0.561667 0.003333 0.003333
18 0.841667 0.291667 0.010000 0.010000
18 0.913333 0.554167 0.010000 0.031667
18 0.935833 0.555833 0.015000 0.028333
18 0.959167 0.526667 0.005000 0.023333
18 0.985833 0.528333 0.005000 0.020000
18 0.403333 0.570000 0.013333 0.013333
