18 0.585000 0.178304 0.013333 0.007481
18 0.597500 0.168329 0.011667 0.007481
18 0.604167 0.154613 0.008333 0.009975
18 0.615000 0.143392 0.006667 0.007481
18 0.621667 0.132170 0.003333 0.014963
18 0.629167 0.118454 0.008333 0.012469
18 0.835833 0.490025 0.008333 0.012469
18 0.844167 0.513716 0.008333 0.009975
18 0.456667 0.385287 0.013333 0.012469
18 0.509167 0.514963 0.008333 0.012469
18 0.528333 0.513716 0.003333 0.004988
18 0.350833 0.562344 0.008333 0.007481
18 0.111667 0.534913 0.010000 0.007481
18 0.840000 0.739401 0.010000 0.147132
18 0.178333 0.725686 0.006667 0.134663
18 0.040000 0.778055 0.010000 0.174564
18 0.351667 0.733167 0.010000 0.139651
18 0.410000 0.709476 0.013333 0.132170
18 0.918333 0.695761 0.013333 0.099751
18 0.986667 0.692020 0.023333 0.102244
