18 0.059167 0.354286 0.025000 0.045714
18 0.883333 0.502857 0.233333 0.554286
18 0.961667 0.388571 0.023333 0.017143
18 0.929167 0.478571 0.015000 0.014286
18 0.877500 0.520000 0.008333 0.017143
18 0.843333 0.300000 0.010000 0.017143
18 0.523333 0.298571 0.010000 0.014286
18 0.437500 0.467143 0.021667 0.008571
18 0.411667 0.384286 0.013333 0.014286
18 0.375000 0.370000 0.013333 0.020000
18 0.405833 0.254286 0.005000 0.017143
18 0.469167 0.364286 0.011667 0.008571
18 0.450833 0.405714 0.015000 0.017143
18 0.330000 0.445714 0.010000 0.017143
18 0.292500 0.568571 0.011667 0.022857
18 0.440000 0.120000 0.013333 0.022857
18 0.423333 0.038571 0.010000 0.014286
18 0.530833 0.100000 0.008333 0.017143
18 0.870000 0.711429 0.010000 0.011429
18 0.948333 0.702857 0.016667 0.017143
