18 0.786713 0.612188 0.202797 0.016620
18 0.837995 0.580332 0.072261 0.013850
18 0.947552 0.614958 0.067599 0.027701
18 0.299534 0.274238 0.221445 0.016620
18 0.101399 0.321330 0.137529 0.016620
18 0.735431 0.119114 0.114219 0.016620
18 0.961538 0.186981 0.058275 0.052632
18 0.334499 0.407202 0.016317 0.022161
18 0.616550 0.229917 0.067599 0.049861
18 0.975524 0.314404 0.020979 0.024931
18 0.273893 0.307479 0.128205 0.027701
18 0.311189 0.354571 0.030303 0.011080
18 0.484848 0.222992 0.107226 0.008310
