18 0.081543 0.117188 0.081055 0.028646
18 0.706543 0.169271 0.032227 0.018229
18 0.629883 0.074219 0.058594 0.039062
18 0.741211 0.212240 0.019531 0.010417
18 0.763184 0.238932 0.020508 0.011719
18 0.098145 0.257161 0.022461 0.009115
18 0.010742 0.210286 0.019531 0.011719
18 0.177734 0.231120 0.031250 0.009115
18 0.335449 0.182292 0.043945 0.018229
18 0.461914 0.216797 0.019531 0.019531
18 0.298340 0.244141 0.020508 0.011719
18 0.380859 0.257812 0.019531 0.015625
18 0.444336 0.267578 0.013672 0.011719
18 0.197266 0.262370 0.011719 0.009115
18 0.542969 0.240885 0.021484 0.005208
18 0.591797 0.253906 0.013672 0.007812
18 0.625977 0.263672 0.013672 0.006510
