18 0.305296 0.016279 0.024922 0.013953
18 0.070093 0.058140 0.028037 0.013953
18 0.509346 0.146512 0.015576 0.013953
18 0.574766 0.193023 0.015576 0.004651
18 0.775701 0.127907 0.018692 0.004651
18 0.786604 0.181395 0.009346 0.009302
18 0.303738 0.172093 0.021807 0.018605
18 0.795950 0.216279 0.009346 0.004651
18 0.339564 0.323256 0.018692 0.079070
18 0.443925 0.402326 0.015576 0.153488
18 0.492212 0.355814 0.012461 0.079070
18 0.624611 0.365116 0.021807 0.088372
18 0.683801 0.369767 0.021807 0.106977
18 0.950156 0.365116 0.006231 0.106977
18 0.152648 0.181395 0.031153 0.027907
18 0.397196 0.204651 0.009346 0.018605
18 0.806854 0.304651 0.024922 0.013953
