18 0.771750 0.056770 0.023500 0.017662
18 0.820000 0.154331 0.016000 0.009251
18 0.856500 0.215728 0.017000 0.005887
18 0.193500 0.201430 0.022000 0.014298
18 0.323000 0.246426 0.008000 0.011775
18 0.159750 0.334315 0.062500 0.140454
18 0.270250 0.391505 0.086500 0.165685
18 0.347750 0.388141 0.013500 0.133726
18 0.285750 0.162321 0.040500 0.031960
18 0.353750 0.193019 0.033500 0.037847
18 0.515000 0.203953 0.085000 0.047939
18 0.680500 0.245585 0.072000 0.031960
18 0.792000 0.379310 0.075000 0.105971
18 0.577750 0.370900 0.048500 0.035324
18 0.890000 0.345248 0.054000 0.078217
